	Adipose	Adrenal gland	Arteries	Bladder	Brain	Breast	FemaleReproductive	Fibroblasts	Lymphocytes	ColonSigmoid	ColonTransverse	Esophagus	EsophagusMucosa	Heart	Kidney	Liver	Lung	SalivaryGland	MuscleSkeletal	NerveTibial	Pancreas	Pituitary	Prostate	Skin	SmallIntestine	Spleen	Stomach	Testis	Thyroid	Whole blood	DeconvolutionTool
SRR13991090	0.0	0.0	0.0	0.0	0.0	6.84	0.0	0.04	41.7	0.0	0.0	0.0	15.46	0.0	0.0	0.18	0.0	0.0	0.0	0.0	0.0	0.01	0.0	0.0	0.0	0.0	0.0	0.49	0.0	35.25	BayesPrism
SRR13990878	15.08	0.0	2.86	0.0	0.0	0.0	0.0	0.0	13.84	0.0	0.0	0.0	0.0	0.0	0.0	0.24	0.0	0.0	0.0	0.0	0.0	0.0	0.0	0.01	0.0	0.0	0.0	0.0	0.0	67.93	BayesPrism
SRR13990839	10.6	0.0	6.67	0.01	0.0	0.0	0.01	0.0	21.6	0.0	0.0	0.0	0.01	0.0	0.0	0.21	1.87	0.0	0.0	0.17	0.0	0.0	0.0	0.0	0.0	0.0	0.0	0.19	0.02	58.62	BayesPrism
SRR13991062	19.61	0.0	1.77	0.0	0.0	0.0	0.0	0.0	10.08	0.0	0.0	0.0	0.0	0.0	0.0	0.3	0.01	0.01	0.0	0.01	0.0	0.02	0.01	0.05	0.0	0.0	0.0	0.27	0.0	67.83	BayesPrism
SRR13990797	15.62	0.0	3.05	0.01	0.0	0.0	0.02	0.0	17.78	0.02	0.0	0.01	0.0	0.0	0.0	0.44	2.67	0.0	0.0	0.08	0.0	0.03	0.0	0.14	0.01	0.01	0.0	0.44	0.0	59.67	BayesPrism
SRR13990676	0.0	0.0	0.03	0.01	0.0	0.04	17.04	0.0	35.8	0.0	0.0	0.0	0.0	0.0	0.0	0.18	3.11	0.0	0.01	1.32	0.0	0.0	0.0	0.1	0.0	6.49	0.0	0.49	0.01	35.34	BayesPrism
SRR13991032	0.0	0.0	0.0	0.01	0.0	0.2	17.14	0.91	35.72	0.0	0.01	0.0	0.0	0.0	0.0	14.59	1.95	0.0	0.0	0.1	0.0	0.0	0.03	0.05	0.0	3.11	0.0	0.16	0.0	25.99	BayesPrism
SRR13990778	0.0	0.0	0.0	0.0	0.0	6.17	0.01	0.01	38.74	0.0	0.0	0.0	16.09	0.0	0.0	0.16	0.0	0.0	0.0	0.0	0.0	0.0	0.0	0.0	0.0	0.0	0.0	0.49	0.0	38.29	BayesPrism
SRR13990695	10.57	0.0	1.11	0.01	0.0	0.0	2.17	0.0	20.45	0.01	0.0	0.14	0.0	0.0	0.0	0.09	1.13	0.0	0.0	0.44	0.0	0.01	0.15	0.25	0.0	1.36	0.01	0.37	0.0	61.73	BayesPrism
SRR13990850	3.35	0.0	0.0	0.0	0.0	1.17	3.81	0.11	41.09	0.0	0.0	0.0	6.64	0.0	0.0	0.06	0.01	0.01	0.0	0.0	0.0	0.42	0.01	0.0	0.0	0.22	0.0	0.1	0.0	42.97	BayesPrism
SRR13990858	0.0	0.0	0.22	0.01	0.0	1.23	12.63	0.15	33.13	0.0	0.0	0.0	0.13	0.0	0.0	1.5	6.13	0.0	0.0	3.0	0.0	0.0	0.01	0.18	0.02	4.62	0.0	0.55	0.0	36.47	BayesPrism
SRR13990904	20.95	0.03	2.95	0.0	0.0	0.0	0.0	0.0	13.42	0.0	0.0	0.0	0.0	0.0	0.0	0.24	0.01	0.0	0.0	0.0	0.0	0.03	0.0	0.0	0.0	0.0	0.0	0.36	0.0	61.97	BayesPrism
SRR13991080	17.94	0.0	2.09	0.0	0.0	0.0	0.0	0.0	13.38	0.0	0.0	0.0	0.0	0.0	0.0	0.35	0.01	0.0	0.0	0.01	0.0	0.0	0.0	0.03	0.0	0.0	0.0	0.17	0.0	65.98	BayesPrism
SRR13990868	5.09	0.01	0.63	0.01	0.0	0.01	5.0	0.0	29.45	0.0	0.0	0.06	0.0	0.02	0.02	1.23	4.69	0.01	0.0	0.72	0.0	0.02	0.02	0.38	0.0	4.7	0.0	1.0	0.18	46.74	BayesPrism
SRR13990814	0.01	0.0	10.33	0.0	0.0	0.0	0.14	0.0	25.41	0.0	0.01	0.0	0.0	0.0	0.0	0.2	5.55	0.0	0.0	3.24	0.0	0.0	0.0	0.65	0.15	0.0	0.0	0.61	7.16	46.53	BayesPrism
SRR13990762	10.72	0.0	0.89	0.02	0.0	0.0	1.99	0.01	20.76	0.0	0.0	0.23	0.0	0.0	0.0	0.09	0.86	0.01	0.0	0.13	0.0	0.01	0.06	0.35	0.0	1.54	0.0	0.33	0.0	62.0	BayesPrism
SRR13990629	0.0	0.0	0.63	0.0	0.0	0.35	15.1	0.0	40.7	0.0	0.0	0.0	0.0	0.0	0.0	0.17	1.77	0.0	0.0	1.34	0.0	0.0	0.0	0.07	0.0	4.25	0.0	0.38	0.01	35.2	BayesPrism
SRR13990728	12.81	0.0	4.59	0.0	0.08	0.0	0.01	0.0	20.66	0.0	0.0	0.0	0.0	0.0	0.0	0.38	3.34	0.0	0.0	0.57	0.0	0.01	0.0	0.34	0.0	0.0	0.0	0.64	0.1	56.43	BayesPrism
SRR13990932	1.9	0.0	0.0	0.0	0.0	0.98	3.99	0.06	45.04	0.0	0.0	0.0	6.43	0.0	0.0	0.07	0.01	0.0	0.0	0.0	0.0	0.21	0.0	0.0	0.0	0.01	0.0	0.01	0.0	41.26	BayesPrism
SRR13990879	14.86	0.0	2.36	0.0	0.0	0.0	0.01	0.0	18.59	0.01	0.0	0.0	0.01	0.0	0.0	0.32	0.01	0.0	0.0	0.0	0.0	0.0	0.0	0.01	0.0	0.0	0.0	0.08	0.0	63.72	BayesPrism
SRR13990816	0.01	0.0	9.4	0.0	0.0	0.0	0.3	0.0	28.64	0.0	0.0	0.0	0.0	0.0	0.0	0.22	4.66	0.0	0.0	2.82	0.0	0.0	0.0	0.54	0.0	0.0	0.0	0.76	6.96	45.64	BayesPrism
SRR13990798	15.99	0.0	2.84	0.0	0.0	0.0	0.09	0.0	16.92	0.01	0.0	0.0	0.0	0.0	0.0	0.39	2.3	0.0	0.0	0.06	0.0	0.0	0.01	0.21	0.0	0.01	0.0	0.26	0.0	60.89	BayesPrism
SRR13990892	1.83	0.0	3.67	0.0	0.01	0.0	4.54	0.01	30.27	0.01	0.0	0.0	0.0	0.0	0.0	1.06	4.84	0.0	0.04	2.57	0.0	0.01	0.0	0.91	0.0	0.0	0.01	2.47	0.97	46.76	BayesPrism
SRR13990827	0.95	0.0	9.6	0.02	0.04	0.0	0.28	0.01	25.91	0.09	0.01	0.0	0.0	0.0	0.01	2.26	12.29	0.0	0.0	0.61	0.0	0.0	0.0	0.09	0.0	0.01	0.0	0.97	0.04	46.8	BayesPrism
SRR13990815	0.01	0.0	0.51	0.01	0.0	0.69	13.98	0.2	33.52	0.01	0.0	0.02	0.15	0.0	0.0	1.47	6.15	0.0	0.01	2.28	0.0	0.0	0.0	0.2	0.0	5.13	0.0	0.38	0.0	35.27	BayesPrism
SRR13990739	12.23	0.0	4.28	0.0	0.0	0.0	0.01	0.0	21.74	0.0	0.0	0.0	0.0	0.0	0.0	0.46	3.46	0.0	0.01	0.04	0.0	0.03	0.0	0.37	0.0	0.0	0.0	0.6	0.2	56.53	BayesPrism
SRR13991056	2.96	0.01	7.23	0.01	0.0	0.0	0.17	0.11	25.23	0.0	0.01	0.0	0.11	0.0	0.0	0.88	2.73	0.0	0.01	0.8	0.0	0.01	0.01	0.3	0.0	0.01	0.0	1.95	1.88	55.58	BayesPrism
SRR13990923	0.01	0.0	0.93	0.0	0.0	0.04	15.61	0.0	36.32	0.0	0.0	0.0	0.0	0.0	0.0	0.15	2.42	0.0	0.01	1.54	0.0	0.0	0.0	0.11	0.0	5.21	0.01	0.35	0.0	37.26	BayesPrism
SRR13990645	0.06	0.0	5.13	0.0	8.41	0.01	6.3	0.0	33.8	0.02	0.0	0.0	0.0	0.0	0.0	0.65	2.62	0.0	0.0	0.0	0.0	0.0	0.0	0.35	0.0	0.0	0.0	0.99	0.0	41.61	BayesPrism
SRR13990637	0.0	0.0	4.8	0.0	0.0	0.01	5.11	0.0	22.7	0.0	0.1	0.0	0.0	0.0	0.0	0.9	2.24	0.0	0.01	3.64	0.0	0.0	0.0	0.39	0.0	0.98	0.0	2.85	4.65	51.59	BayesPrism
SRR13990994	0.13	0.0	5.82	0.0	5.36	0.27	7.23	0.0	31.65	0.0	0.0	0.0	0.0	0.0	0.0	0.11	10.56	0.0	0.01	0.02	0.0	0.0	0.0	0.05	0.0	0.32	0.0	0.89	0.02	37.53	BayesPrism
SRR13990838	0.82	0.0	9.24	0.01	0.33	0.0	1.11	0.0	27.17	0.01	0.0	0.01	0.0	0.0	0.0	2.4	11.02	0.0	0.0	0.32	0.0	0.0	0.0	0.01	0.0	0.01	0.0	0.69	0.01	46.85	BayesPrism
SRR13991033	0.0	0.0	0.0	0.0	0.0	0.25	15.94	1.32	38.81	0.0	0.01	0.0	0.01	0.0	0.0	16.42	0.84	0.0	0.0	0.02	0.0	0.0	0.0	0.02	0.01	2.6	0.0	0.12	0.0	23.6	BayesPrism
SRR13990634	0.0	0.0	0.0	0.0	0.0	0.7	17.07	0.04	41.5	0.0	0.0	0.0	0.01	0.0	0.0	0.54	0.18	0.0	0.0	0.25	0.0	0.0	0.0	0.31	0.0	7.61	0.0	0.32	0.01	31.43	BayesPrism
SRR13990993	0.02	0.0	6.17	0.0	0.46	0.29	7.4	0.0	31.08	0.01	0.0	0.0	0.0	0.0	0.0	0.11	11.58	0.0	0.0	1.26	0.0	0.0	0.0	0.1	0.0	0.3	0.0	0.79	0.04	40.38	BayesPrism
SRR13990916	0.0	0.0	0.0	0.0	0.0	7.09	15.64	0.13	40.6	0.0	0.0	0.0	0.0	0.0	0.0	6.02	2.41	0.0	0.05	1.52	0.0	0.0	0.0	0.1	0.0	3.86	0.0	0.57	0.0	21.98	BayesPrism
SRR13990618	0.02	0.0	6.63	0.0	0.95	0.01	8.93	0.01	30.65	0.0	0.01	0.0	0.0	0.0	0.0	0.67	6.03	0.0	0.01	0.46	0.0	0.0	0.0	0.41	0.01	0.0	0.0	1.34	0.0	43.85	BayesPrism
SRR13991026	0.02	0.0	7.66	0.0	1.25	0.01	0.66	0.0	25.65	0.0	0.01	0.0	0.0	0.0	0.0	0.47	6.38	0.0	0.01	1.6	0.0	0.0	0.01	0.53	0.01	0.0	0.0	3.07	3.3	49.34	BayesPrism
SRR13990863	0.01	0.0	3.54	0.0	8.92	2.37	6.8	0.0	33.05	0.01	0.0	0.0	0.06	0.0	0.0	0.65	12.98	0.0	0.0	0.01	0.0	0.0	0.0	0.01	0.08	0.0	0.0	0.36	0.0	31.13	BayesPrism
SRR13990871	0.01	0.0	2.33	0.01	5.14	1.8	8.85	0.0	29.82	0.01	0.0	0.01	0.0	0.01	0.01	1.73	7.78	0.0	0.03	2.0	0.0	0.0	0.0	0.53	0.0	0.03	0.0	0.54	0.02	39.34	BayesPrism
SRR13990862	0.01	0.0	5.56	0.01	0.13	1.19	6.22	0.0	30.67	0.01	0.0	0.0	0.0	0.0	0.01	0.6	17.39	0.0	0.01	4.13	0.0	0.0	0.0	0.01	0.05	0.05	0.0	0.68	0.0	33.26	BayesPrism
SRR13990665	0.0	0.0	0.0	0.01	3.25	0.73	14.3	0.0	44.45	0.01	0.01	0.01	0.01	0.06	0.13	0.26	1.51	0.01	0.03	0.0	0.0	0.01	0.03	0.18	0.0	3.47	0.01	1.59	0.18	29.74	BayesPrism
SRR13990789	0.01	0.0	0.62	0.0	0.0	0.77	12.11	0.0	34.34	0.01	0.0	0.01	0.0	0.0	0.0	0.37	3.59	0.0	0.01	3.0	0.0	0.0	0.0	1.4	0.0	0.0	0.0	0.89	0.99	41.85	BayesPrism
SRR13990758	0.0	0.0	0.74	0.0	0.0	2.15	13.51	0.1	42.62	0.07	0.0	0.02	2.84	0.0	0.0	0.79	0.95	0.0	0.01	0.15	0.0	0.0	0.02	0.02	0.0	1.87	0.01	1.19	0.02	32.9	BayesPrism
SRR13990866	0.01	0.0	4.84	0.0	0.06	0.3	10.69	0.01	31.46	0.0	0.0	0.0	0.0	0.0	0.0	1.32	10.12	0.0	0.01	1.3	0.0	0.0	0.0	0.12	0.0	0.68	0.0	0.85	0.0	38.19	BayesPrism
SRR13990780	0.28	0.0	0.0	0.0	0.0	0.59	15.38	0.14	42.64	0.0	0.0	0.01	0.14	0.0	0.0	1.26	1.76	0.03	0.04	0.47	0.0	0.02	0.04	0.21	0.0	6.84	0.0	0.74	0.01	29.37	BayesPrism
SRR13990800	0.0	0.0	0.17	0.0	0.0	0.96	15.41	0.0	33.73	0.0	0.0	0.0	0.0	0.0	0.0	0.39	2.25	0.0	0.01	2.17	0.0	0.0	0.0	1.25	0.0	0.01	0.0	0.62	0.73	42.27	BayesPrism
SRR13991057	2.64	0.0	6.61	0.02	0.0	0.0	0.8	0.09	24.19	0.01	0.11	0.01	0.18	0.0	0.0	0.71	2.44	0.0	0.01	1.47	0.0	0.0	0.0	0.27	0.01	0.0	0.0	1.41	1.33	57.67	BayesPrism
SRR13990991	0.0	0.0	0.64	0.0	0.0	0.23	14.17	0.01	37.28	0.0	0.0	0.01	0.04	0.0	0.0	0.68	3.48	0.0	0.03	2.5	0.0	0.0	0.0	0.52	0.0	2.39	0.0	0.94	0.89	36.16	BayesPrism
SRR13990635	0.0	0.0	0.0	0.01	0.93	0.94	15.97	0.01	45.84	0.0	0.01	0.0	0.07	0.03	0.0	0.67	0.02	0.0	0.0	0.01	0.0	0.0	0.04	0.45	0.03	4.72	0.0	0.38	0.0	29.86	BayesPrism
SRR13990636	0.01	0.0	4.77	0.0	0.0	0.0	4.32	0.0	23.89	0.0	0.01	0.0	0.0	0.0	0.0	0.9	2.7	0.0	0.0	1.84	0.0	0.0	0.0	0.5	0.0	0.71	0.0	2.77	5.3	52.24	BayesPrism
SRR13990992	0.0	0.0	0.45	0.01	0.0	0.11	14.46	0.01	38.09	0.01	0.0	0.0	0.08	0.0	0.0	0.7	2.87	0.0	0.02	2.48	0.0	0.0	0.0	0.45	0.0	1.92	0.0	0.83	1.04	36.45	BayesPrism
SRR13991093	0.01	0.0	2.6	0.01	1.56	1.62	14.32	0.0	37.18	0.01	0.0	0.01	0.03	0.0	0.0	0.26	4.65	0.0	0.01	0.29	0.0	0.0	0.0	0.02	0.03	0.29	0.0	1.39	0.01	35.67	BayesPrism
SRR13990903	3.1	0.0	3.41	0.01	0.52	0.0	3.67	0.0	28.23	0.0	0.01	0.01	0.0	0.0	0.0	0.82	3.98	0.0	0.01	1.61	0.0	0.01	0.0	1.41	0.0	0.0	0.0	2.11	1.13	49.92	BayesPrism
SRR13990867	0.12	0.0	5.06	0.0	0.4	0.15	8.97	0.01	32.13	0.0	0.0	0.0	0.0	0.0	0.0	1.07	11.92	0.0	0.0	1.66	0.0	0.0	0.0	0.2	0.0	0.49	0.0	0.64	0.01	37.14	BayesPrism
SRR13990861	0.57	0.0	6.19	0.0	3.85	0.01	2.14	0.0	28.83	0.01	0.0	0.0	0.0	0.0	0.0	0.68	12.89	0.0	0.01	3.21	0.0	0.0	0.0	0.28	0.0	0.01	0.0	0.56	1.65	39.08	BayesPrism
SRR13991044	0.0	0.0	0.0	0.0	0.0	0.32	13.29	0.01	38.74	0.0	0.0	0.01	0.31	0.0	0.0	0.65	0.01	0.0	0.01	0.76	0.0	0.01	0.02	0.3	0.0	7.14	0.0	1.25	0.17	36.99	BayesPrism
SRR13990950	0.0	0.01	1.68	0.02	0.0	1.77	20.05	0.1	34.45	0.03	0.0	0.04	0.0	0.0	0.0	1.23	5.98	0.0	0.03	0.52	0.0	0.0	0.0	0.24	0.01	2.74	0.0	0.75	0.0	30.31	BayesPrism
SRR13991092	0.01	0.01	2.42	0.01	0.17	0.68	16.46	0.0	31.59	0.0	0.0	0.0	0.0	0.0	0.01	0.25	5.14	0.0	0.01	2.15	0.0	0.02	0.0	0.18	0.0	0.88	0.0	1.49	0.0	38.5	BayesPrism
SRR13990917	0.0	0.0	0.0	0.0	0.0	6.69	14.35	0.05	38.3	0.01	0.0	0.0	0.01	0.0	0.0	5.18	3.32	0.0	0.04	2.63	0.0	0.01	0.0	0.08	0.0	4.66	0.01	0.5	0.0	24.13	BayesPrism
SRR13991075	0.0	0.0	0.0	0.0	0.0	0.51	16.85	0.27	44.67	0.0	0.0	0.0	0.07	0.0	0.0	2.23	0.0	0.03	0.01	0.09	0.0	0.0	0.0	0.02	0.03	14.85	0.0	0.06	0.0	20.28	BayesPrism
SRR13990860	0.58	0.0	6.87	0.0	0.35	0.0	3.15	0.0	26.8	0.0	0.0	0.0	0.0	0.0	0.0	0.58	14.36	0.0	0.0	3.3	0.0	0.0	0.0	0.21	0.0	0.0	0.0	0.84	1.27	41.66	BayesPrism
SRR13990870	0.01	0.0	3.2	0.0	0.22	0.73	12.02	0.0	26.98	0.0	0.0	0.0	0.0	0.0	0.0	1.63	7.61	0.0	0.0	2.21	0.0	0.0	0.0	0.6	0.0	0.16	0.0	0.52	0.05	43.99	BayesPrism
SRR13990874	8.61	0.0	1.63	0.01	0.0	0.0	7.15	0.0	30.26	0.01	0.0	0.0	0.05	0.0	0.0	0.32	3.04	0.0	0.01	0.01	0.0	0.03	0.01	0.09	0.0	0.5	0.01	0.32	0.01	47.93	BayesPrism
SRR13990709	0.01	0.0	4.6	0.0	0.1	0.01	6.46	0.0	25.59	0.0	0.0	0.0	0.0	0.0	0.0	0.32	4.16	0.0	0.02	2.73	0.0	0.0	0.0	0.74	0.0	3.99	0.0	1.53	0.64	49.07	BayesPrism
SRR13991076	0.0	0.0	0.0	0.0	0.0	0.17	17.12	0.26	48.41	0.0	0.0	0.0	0.01	0.0	0.0	2.59	0.0	0.0	0.01	0.0	0.0	0.0	0.0	0.01	0.0	12.32	0.0	0.05	0.0	19.02	BayesPrism
SRR13990854	0.01	0.0	0.71	0.0	3.88	0.16	14.2	0.0	35.18	0.0	0.0	0.0	0.0	0.0	0.0	0.07	2.66	0.0	0.0	0.01	0.0	0.0	0.0	0.26	0.0	0.11	0.0	0.17	0.0	42.57	BayesPrism
SRR13990781	0.56	0.0	0.0	0.0	0.0	0.64	15.64	0.06	41.19	0.0	0.0	0.0	0.02	0.0	0.01	0.96	2.3	0.01	0.01	0.44	0.0	0.01	0.01	0.12	0.0	5.92	0.0	0.36	0.0	31.73	BayesPrism
SRR13990875	5.45	0.0	1.25	0.01	2.39	0.0	8.4	0.0	34.64	0.01	0.0	0.01	0.03	0.01	0.01	0.3	1.04	0.0	0.0	0.0	0.0	0.0	0.0	0.02	0.0	0.01	0.0	0.09	0.0	46.31	BayesPrism
SRR13990698	0.0	0.0	3.96	0.0	1.15	0.01	6.66	0.0	26.74	0.01	0.0	0.0	0.0	0.0	0.0	0.33	4.32	0.0	0.0	2.51	0.0	0.0	0.0	0.55	0.0	3.55	0.0	1.97	0.7	47.51	BayesPrism
SRR13991061	0.0	0.0	5.26	0.0	5.46	0.29	6.82	0.01	36.12	0.01	0.0	0.0	0.0	0.0	0.0	1.3	10.77	0.0	0.03	0.02	0.0	0.0	0.0	0.1	0.0	0.69	0.01	1.13	0.0	31.95	BayesPrism
SRR13991107	0.0	0.0	0.0	0.0	0.0	1.76	17.72	0.01	41.61	0.0	0.0	0.0	0.04	0.0	0.0	0.34	0.08	0.0	0.04	0.25	0.0	0.0	0.0	1.29	0.0	3.33	0.0	0.59	0.02	32.9	BayesPrism
SRR13990791	0.0	0.0	0.01	0.0	0.0	0.94	18.23	0.02	45.79	0.01	0.0	0.0	0.01	0.0	0.0	0.26	0.77	0.0	0.01	0.04	0.0	0.0	0.0	0.0	0.01	3.95	0.0	0.32	0.0	29.61	BayesPrism
SRR13990792	0.0	0.0	0.0	0.01	0.0	0.82	19.2	0.0	42.22	0.0	0.0	0.0	0.0	0.0	0.0	0.23	0.69	0.0	0.01	0.06	0.0	0.0	0.0	0.01	0.0	4.67	0.0	0.16	0.0	31.88	BayesPrism
SRR13990946	0.0	0.0	0.21	0.01	0.0	2.93	14.09	0.0	41.88	0.03	0.0	0.05	2.63	0.0	0.0	0.62	0.47	0.01	0.02	0.14	0.0	0.01	0.01	0.06	0.02	1.03	0.0	1.08	0.01	34.68	BayesPrism
SRR13990840	0.0	0.0	0.0	0.0	0.0	1.49	18.58	0.1	38.35	0.0	0.0	0.0	0.03	0.02	0.0	0.54	0.09	0.0	0.0	2.02	0.0	0.0	0.01	0.39	0.0	7.6	0.0	0.78	0.73	29.24	BayesPrism
SRR13991110	0.01	0.0	1.24	0.0	0.0	0.12	16.82	0.0	41.91	0.01	0.0	0.0	0.0	0.0	0.0	0.34	5.37	0.0	0.0	0.05	0.0	0.0	0.0	0.08	0.0	0.17	0.0	0.36	0.0	33.49	BayesPrism
SRR13991060	0.01	0.0	5.71	0.01	3.66	0.08	6.62	0.08	35.7	0.02	0.0	0.0	0.0	0.0	0.03	1.24	10.92	0.0	0.03	0.01	0.0	0.0	0.0	0.08	0.02	0.9	0.0	1.46	0.01	33.41	BayesPrism
SRR13990846	1.75	0.0	4.7	0.01	0.0	0.27	17.23	0.01	29.1	0.0	0.01	0.0	0.0	0.0	0.0	0.76	6.91	0.0	0.0	1.84	0.0	0.0	0.0	0.08	0.0	0.36	0.0	1.01	0.0	35.94	BayesPrism
SRR13991045	0.0	0.0	0.0	0.01	0.0	0.2	13.79	0.02	40.29	0.0	0.01	0.0	0.6	0.0	0.01	0.72	0.01	0.0	0.0	0.13	0.0	0.01	0.0	0.24	0.0	7.12	0.0	1.07	0.06	35.68	BayesPrism
SRR13991108	0.0	0.0	0.0	0.0	0.0	0.51	19.7	0.02	41.14	0.0	0.0	0.0	0.01	0.0	0.0	0.38	0.02	0.0	0.01	0.01	0.0	0.0	0.0	0.96	0.0	3.43	0.0	0.21	0.01	33.59	BayesPrism
SRR13990837	0.0	0.01	0.0	0.0	0.0	1.88	17.54	0.01	37.26	0.0	0.0	0.0	0.01	0.01	0.0	0.46	0.12	0.01	0.08	2.37	0.0	0.0	0.0	0.53	0.0	7.47	0.01	1.43	1.27	29.51	BayesPrism
SRR13991109	0.01	0.0	1.64	0.0	0.0	0.01	16.97	0.0	41.04	0.0	0.0	0.0	0.0	0.0	0.0	0.3	4.5	0.0	0.01	0.06	0.0	0.0	0.0	0.16	0.01	0.48	0.0	0.51	0.0	34.28	BayesPrism
SRR13990823	0.0	0.0	0.01	0.0	0.0	4.59	14.52	0.0	33.82	0.0	0.0	0.0	0.01	0.0	0.0	2.04	1.19	0.01	0.02	4.65	0.0	0.0	0.0	0.53	0.0	3.37	0.0	1.0	0.01	34.21	BayesPrism
SRR13990951	0.0	0.0	0.03	0.0	0.0	3.06	22.69	0.37	36.82	0.0	0.0	0.0	0.0	0.0	0.0	1.84	3.45	0.0	0.03	0.03	0.0	0.01	0.0	0.25	0.01	0.81	0.04	0.76	0.0	29.79	BayesPrism
SRR13990822	0.0	0.0	0.0	0.0	0.0	3.6	12.13	0.0	35.78	0.0	0.0	0.0	0.01	0.0	0.0	1.94	2.75	0.0	0.01	5.65	0.01	0.0	0.0	0.35	0.0	2.31	0.0	1.36	0.31	33.78	BayesPrism
SRR13990853	0.0	0.0	0.82	0.01	0.01	0.1	13.93	0.01	31.63	0.01	0.0	0.01	0.01	0.01	0.06	0.08	4.3	0.01	0.08	2.38	0.0	0.04	0.0	0.51	0.03	0.86	0.01	1.7	0.09	43.29	BayesPrism
SRR13990847	0.54	0.0	3.81	0.01	0.0	0.68	17.46	0.2	32.55	0.0	0.01	0.0	0.01	0.0	0.0	1.01	7.5	0.01	0.03	1.33	0.0	0.0	0.0	0.06	0.01	0.04	0.0	0.97	0.01	33.75	BayesPrism
SRR13990703	0.0	0.0	7.26	0.01	0.49	0.07	9.85	0.0	30.04	0.01	0.0	0.0	0.0	0.0	0.0	0.61	7.51	0.0	0.02	2.4	0.0	0.0	0.0	0.32	0.02	0.0	0.0	1.43	1.96	37.98	BayesPrism
SRR13991072	0.0	0.0	0.0	0.0	0.74	0.01	15.1	0.13	39.26	0.0	0.0	0.01	0.0	0.08	0.21	0.82	0.0	0.03	0.16	0.24	0.02	0.27	0.02	0.33	0.16	12.7	0.08	2.29	0.0	27.32	BayesPrism
SRR13991071	0.0	0.03	0.0	0.01	0.02	0.3	14.52	0.12	38.87	0.0	0.0	0.0	0.01	0.03	0.04	0.78	0.01	0.19	0.14	0.0	0.0	1.2	0.31	0.61	0.29	12.94	0.13	2.45	0.0	26.98	BayesPrism
SRR13991090	0.0	0.0	1.18	0.0	0.0	0.0	10.45	0.0	56.62	0.0	0.0	0.0	0.66	0.0	0.0	0.02	0.03	0.0	0.0	0.0	0.01	0.0	0.0	0.28	0.0	0.0	0.0	1.04	0.01	29.71	MuSiC
SRR13990878	0.0	0.0	2.7	0.0	0.0	0.0	10.12	0.0	44.48	0.0	0.0	0.0	0.75	0.0	0.0	0.0	0.18	0.0	0.0	0.0	0.0	0.0	0.0	0.16	0.0	0.02	0.0	0.0	0.0	41.58	MuSiC
SRR13990839	0.0	0.0	6.85	0.0	0.0	0.0	5.36	0.0	49.66	0.0	0.0	0.0	1.21	0.0	0.0	0.0	0.06	0.0	0.0	0.0	0.0	0.0	0.0	0.21	0.0	0.0	0.0	0.0	0.0	36.65	MuSiC
SRR13991062	0.0	0.0	4.98	0.0	0.0	0.0	12.42	0.0	38.56	0.0	0.0	0.0	0.74	0.0	0.0	0.0	0.18	0.0	0.0	0.0	0.0	0.0	0.0	0.22	0.0	2.01	0.0	0.0	0.0	40.89	MuSiC
SRR13990797	0.0	0.0	3.98	0.0	0.0	0.0	10.41	0.0	46.4	0.0	0.0	0.0	1.25	0.0	0.0	0.0	0.08	0.0	0.0	0.02	0.0	0.0	0.0	0.12	0.0	2.44	0.0	0.55	0.0	34.75	MuSiC
SRR13990676	0.0	0.0	1.34	0.0	0.0	0.0	14.66	0.0	60.49	0.0	0.0	0.0	1.01	0.0	0.0	0.0	0.33	0.0	0.0	0.0	0.0	0.02	0.0	0.09	0.0	4.9	0.0	0.71	0.0	16.45	MuSiC
SRR13991032	0.0	0.0	0.63	0.0	0.0	0.0	13.88	0.48	55.11	0.0	0.0	0.0	1.18	0.0	0.0	10.15	3.4	0.0	0.0	0.2	0.0	0.01	0.0	0.15	0.0	0.83	0.0	0.92	0.0	13.06	MuSiC
SRR13990778	0.0	0.0	0.74	0.0	0.0	0.0	7.68	0.0	49.39	0.0	0.0	0.0	0.62	0.0	0.0	0.01	0.0	0.0	0.0	0.0	0.0	0.0	0.0	0.29	0.0	0.0	0.0	0.7	0.0	40.56	MuSiC
SRR13990695	0.0	0.0	1.8	0.0	0.0	0.0	8.73	0.0	43.47	0.0	0.0	0.0	2.51	0.0	0.0	0.0	0.16	0.0	0.0	0.0	0.0	0.0	0.0	0.1	0.0	2.66	0.0	0.43	0.0	40.14	MuSiC
SRR13990850	0.0	0.0	0.23	0.0	0.0	0.0	6.53	0.0	62.24	0.0	0.0	0.0	1.66	0.0	0.0	0.0	0.1	0.0	0.0	0.55	0.0	0.0	0.0	0.06	0.0	0.0	0.0	0.01	0.0	28.61	MuSiC
SRR13990858	0.0	0.0	2.04	0.0	0.0	0.0	11.55	0.0	55.57	0.0	0.0	0.0	3.31	0.0	0.0	0.06	1.1	0.0	0.0	0.0	0.0	0.0	0.0	0.1	0.0	0.96	0.0	0.46	0.0	24.85	MuSiC
SRR13990904	0.0	0.0	3.4	0.0	0.0	0.0	11.31	0.0	46.44	0.0	0.0	0.0	0.88	0.0	0.0	0.0	0.26	0.0	0.0	0.08	0.0	0.0	0.0	0.2	0.0	0.8	0.0	0.0	0.0	36.63	MuSiC
SRR13991080	0.0	0.0	4.09	0.0	0.0	0.0	8.38	0.0	43.33	0.0	0.0	0.0	2.29	0.0	0.0	0.0	0.09	0.0	0.0	0.0	0.0	0.0	0.0	0.2	0.0	4.34	0.0	0.0	0.0	37.28	MuSiC
SRR13990868	0.0	0.0	0.0	0.0	0.01	0.0	11.98	0.0	53.85	0.0	0.0	0.0	0.42	0.0	0.0	0.51	0.56	0.0	0.0	0.02	0.0	0.02	0.0	0.39	0.0	1.74	0.0	0.04	0.0	30.44	MuSiC
SRR13990814	0.0	0.0	3.48	0.0	0.0	0.0	15.24	0.0	53.03	0.0	0.0	0.0	0.72	0.0	0.0	0.0	0.06	0.0	0.0	0.0	0.11	0.0	0.0	0.27	0.0	0.0	0.0	0.0	0.0	27.09	MuSiC
SRR13990762	0.0	0.0	1.48	0.0	0.0	0.0	9.76	0.0	44.13	0.0	0.0	0.0	2.69	0.0	0.0	0.0	0.57	0.0	0.0	0.11	0.0	0.0	0.0	0.07	0.0	0.2	0.0	0.18	0.0	40.81	MuSiC
SRR13990629	0.0	0.0	0.32	0.0	0.0	0.0	12.86	0.0	56.09	0.0	0.0	0.0	1.15	0.0	0.0	0.0	0.0	0.0	0.0	0.0	0.02	0.0	0.0	0.21	0.0	0.0	0.0	0.86	0.0	28.5	MuSiC
SRR13990728	0.0	0.0	2.44	0.0	0.0	0.0	11.96	0.0	50.55	0.0	0.0	0.0	0.5	0.0	0.0	0.0	0.0	0.0	0.0	0.0	0.06	0.0	0.0	0.33	0.0	0.0	0.0	0.0	0.0	34.16	MuSiC
SRR13990932	0.0	0.0	0.33	0.0	0.05	0.0	4.79	0.0	61.76	0.0	0.0	0.0	2.24	0.0	0.0	0.0	0.08	0.0	0.0	0.0	0.0	0.0	0.0	0.13	0.0	0.0	0.0	0.07	0.0	30.54	MuSiC
SRR13990879	0.0	0.0	3.28	0.0	0.0	0.0	8.46	0.0	45.74	0.0	0.0	0.0	1.27	0.0	0.0	0.0	0.0	0.0	0.0	0.0	0.0	0.0	0.0	0.21	0.0	0.0	0.0	0.0	0.0	41.04	MuSiC
SRR13990816	0.0	0.0	0.48	0.0	0.06	0.0	13.86	0.0	50.18	0.0	0.0	0.0	0.54	0.0	0.0	0.0	0.0	0.0	0.0	0.0	0.01	0.0	0.0	0.09	0.0	0.0	0.0	0.0	0.0	34.78	MuSiC
SRR13990798	0.0	0.0	1.43	0.0	0.0	0.0	13.21	0.0	46.84	0.0	0.0	0.0	1.47	0.0	0.0	0.0	0.08	0.0	0.0	0.0	0.0	0.0	0.0	0.17	0.0	0.0	0.0	0.0	0.0	36.79	MuSiC
SRR13990892	0.0	0.0	0.0	0.0	0.0	0.0	15.88	0.0	40.41	0.0	0.0	0.0	0.24	0.0	0.0	0.01	0.0	0.0	0.0	0.0	0.01	0.0	0.0	0.18	0.0	0.0	0.0	0.0	0.0	43.27	MuSiC
SRR13990827	0.0	0.0	4.77	0.0	0.0	0.0	13.18	0.0	61.43	0.0	0.0	0.0	0.69	0.0	0.0	0.12	0.21	0.0	0.0	0.0	0.0	0.0	0.0	0.41	0.0	0.0	0.0	0.0	0.0	19.19	MuSiC
SRR13990815	0.0	0.0	1.54	0.0	0.0	0.0	16.13	0.0	56.14	0.0	0.0	0.0	0.37	0.0	0.0	0.02	1.01	0.0	0.0	0.53	0.02	0.0	0.0	0.37	0.0	2.12	0.0	0.0	0.0	21.74	MuSiC
SRR13990739	0.0	0.0	2.56	0.0	0.0	0.0	11.79	0.0	49.0	0.0	0.0	0.0	0.8	0.0	0.0	0.0	0.03	0.0	0.0	0.0	0.0	0.0	0.0	0.18	0.0	0.0	0.0	0.0	0.0	35.65	MuSiC
SRR13991056	0.0	0.0	2.8	0.0	0.0	0.0	10.8	0.0	54.97	0.0	0.0	0.0	1.7	0.0	0.0	0.2	0.05	0.12	0.0	0.0	0.05	0.0	0.0	0.0	0.0	0.0	0.0	0.0	0.0	29.31	MuSiC
SRR13990923	0.0	0.0	2.26	0.0	0.0	0.0	12.67	0.0	55.39	0.06	0.0	0.0	1.62	0.0	0.0	0.0	0.0	0.0	0.0	0.03	0.01	0.0	0.0	0.39	0.0	0.4	0.0	0.91	0.0	26.25	MuSiC
SRR13990645	0.0	0.0	3.88	0.0	3.65	0.0	3.74	0.0	28.23	0.0	0.0	0.0	0.38	0.0	0.0	0.0	0.0	0.0	0.0	0.0	0.0	0.0	0.0	0.0	0.0	0.0	0.0	0.31	0.0	59.81	MuSiC
SRR13990637	0.0	0.0	0.86	0.0	0.0	0.0	15.48	0.0	48.09	0.0	0.0	0.0	0.06	0.0	0.0	0.0	0.0	0.0	0.01	0.0	0.01	0.02	0.0	0.78	0.0	0.0	0.0	0.0	0.0	34.68	MuSiC
SRR13990994	0.0	0.0	0.47	0.0	0.64	0.0	18.09	0.0	62.78	0.0	0.0	0.0	0.27	0.0	0.0	0.0	0.48	0.0	0.0	0.01	0.0	0.04	0.0	0.3	0.0	0.02	0.0	0.03	0.0	16.88	MuSiC
SRR13990838	0.0	0.0	2.61	0.0	0.85	0.0	16.14	0.0	58.75	0.0	0.0	0.0	0.92	0.0	0.0	0.2	0.01	0.0	0.0	0.04	0.0	0.0	0.0	0.15	0.0	0.25	0.0	0.0	0.0	20.09	MuSiC
SRR13991033	0.0	0.0	0.62	0.0	0.0	0.0	8.36	0.6	53.16	0.0	0.0	0.0	1.57	0.0	0.0	14.66	1.93	0.0	0.0	0.46	0.0	0.01	0.0	0.06	0.0	0.0	0.0	1.76	0.0	16.8	MuSiC
SRR13990634	0.0	0.0	0.01	0.0	0.0	0.0	10.74	0.0	58.53	0.0	0.0	0.0	1.78	0.0	0.0	0.0	0.74	0.0	0.0	0.65	0.02	0.0	0.0	0.35	0.0	0.6	0.0	1.49	0.0	25.08	MuSiC
SRR13990993	0.0	0.0	3.82	0.0	0.0	0.0	12.12	0.0	64.23	0.0	0.0	0.0	0.33	0.0	0.0	0.0	0.34	0.0	0.0	0.03	0.03	0.0	0.0	0.35	0.0	3.94	0.0	0.0	0.0	14.81	MuSiC
SRR13990916	0.0	0.0	0.75	0.0	0.0	0.0	13.75	0.0	58.35	0.0	0.0	0.0	0.18	0.0	0.0	1.69	1.56	0.0	0.05	1.03	0.0	0.04	0.0	0.42	0.0	0.0	0.0	1.31	0.0	20.85	MuSiC
SRR13990618	0.0	0.0	0.0	0.0	0.14	0.0	13.1	0.0	48.44	0.0	0.0	0.0	0.2	0.0	0.0	0.0	0.0	0.0	0.0	0.0	0.03	0.0	0.0	0.14	0.0	0.0	0.0	0.0	0.0	37.96	MuSiC
SRR13991026	0.0	0.0	2.03	0.0	0.0	0.0	12.02	0.0	52.23	0.0	0.0	0.0	1.06	0.0	0.0	0.0	0.0	0.0	0.0	0.0	0.03	0.0	0.0	0.12	0.0	0.0	0.0	0.0	0.0	32.52	MuSiC
SRR13990863	0.0	0.0	2.01	0.0	3.6	0.0	19.46	0.0	49.11	0.0	0.0	0.0	2.27	0.0	0.0	0.0	0.97	0.0	0.0	1.45	0.0	0.0	0.0	0.07	0.0	0.0	0.0	0.98	0.0	20.08	MuSiC
SRR13990871	0.0	0.0	0.58	0.0	0.09	0.0	14.01	0.0	39.39	0.0	0.0	0.0	1.27	0.0	0.0	0.0	0.0	0.0	0.01	0.1	0.0	0.0	0.0	0.0	0.0	0.0	0.0	0.03	0.0	44.5	MuSiC
SRR13990862	0.0	0.0	0.0	0.0	1.8	0.0	20.9	0.0	58.04	0.0	0.0	0.0	1.25	0.0	0.0	0.0	0.27	0.0	0.0	0.0	0.06	0.0	0.0	0.26	0.0	0.0	0.0	0.0	0.0	17.41	MuSiC
SRR13990665	0.0	0.0	0.0	0.0	0.05	0.0	13.78	0.0	57.17	0.0	0.0	0.0	0.11	0.0	0.0	0.0	0.04	0.0	0.04	0.41	0.0	0.0	0.0	0.26	0.0	0.0	0.0	1.88	0.0	26.26	MuSiC
SRR13990789	0.0	0.0	0.81	0.0	0.06	0.0	12.39	0.0	43.64	0.0	0.0	0.0	0.35	0.0	0.0	0.0	0.0	0.0	0.0	0.0	0.02	0.0	0.0	0.35	0.0	0.0	0.0	0.69	0.01	41.68	MuSiC
SRR13990758	0.0	0.0	1.45	0.0	0.0	0.0	8.96	0.0	65.41	0.0	0.0	0.0	0.93	0.0	0.0	0.0	0.19	0.0	0.04	0.29	0.02	0.0	0.0	0.08	0.0	0.0	0.0	0.87	0.0	21.77	MuSiC
SRR13990866	0.0	0.0	0.06	0.0	0.84	0.0	13.56	0.0	58.89	0.0	0.0	0.0	0.76	0.0	0.0	0.0	0.0	0.0	0.0	0.0	0.0	0.0	0.0	0.63	0.0	0.0	0.0	0.0	0.0	25.28	MuSiC
SRR13990780	0.0	0.0	0.0	0.0	0.0	0.0	18.58	0.02	59.69	0.0	0.0	0.0	0.14	0.0	0.0	0.25	0.23	0.0	0.01	0.0	0.0	0.01	0.0	0.17	0.0	3.0	0.0	1.31	0.0	16.61	MuSiC
SRR13990800	0.0	0.0	0.58	0.0	0.92	0.0	12.49	0.0	40.77	0.0	0.0	0.0	0.03	0.0	0.0	0.0	0.02	0.0	0.0	0.0	0.09	0.0	0.0	0.26	0.0	0.0	0.0	0.15	0.0	44.7	MuSiC
SRR13991057	0.0	0.0	1.86	0.0	0.0	0.0	13.5	0.0	53.41	0.0	0.0	0.0	0.46	0.0	0.0	0.0	0.05	0.07	0.0	0.02	0.0	0.01	0.0	0.58	0.0	0.0	0.0	0.02	0.0	30.03	MuSiC
SRR13990991	0.0	0.0	0.41	0.0	0.0	0.0	13.71	0.0	54.99	0.0	0.0	0.0	0.16	0.0	0.0	0.01	0.07	0.0	0.0	0.11	0.01	0.01	0.0	0.49	0.0	0.0	0.0	0.18	0.0	29.85	MuSiC
SRR13990635	0.0	0.0	0.15	0.0	0.22	0.0	10.43	0.0	57.84	0.0	0.0	0.0	0.8	0.0	0.0	0.0	0.04	0.0	0.0	0.0	0.0	0.0	0.0	0.35	0.0	0.0	0.0	0.89	0.0	29.27	MuSiC
SRR13990636	0.0	0.0	2.63	0.0	0.0	0.0	12.7	0.0	50.87	0.0	0.0	0.0	0.75	0.0	0.0	0.01	0.0	0.0	0.0	0.0	0.01	0.01	0.0	0.47	0.0	0.0	0.0	0.0	0.0	32.56	MuSiC
SRR13990992	0.0	0.0	0.76	0.0	0.01	0.0	10.31	0.0	53.43	0.0	0.0	0.0	0.01	0.0	0.0	0.01	0.0	0.0	0.01	0.0	0.0	0.01	0.0	0.88	0.0	0.0	0.0	0.04	0.0	34.54	MuSiC
SRR13991093	0.0	0.0	0.69	0.0	1.58	0.0	12.89	0.0	40.54	0.0	0.0	0.0	0.18	0.0	0.0	0.0	0.0	0.0	0.0	0.0	0.0	0.0	0.0	0.16	0.0	0.0	0.0	0.5	0.0	43.45	MuSiC
SRR13990903	0.0	0.0	0.0	0.0	1.8	0.0	12.77	0.0	34.77	0.0	0.0	0.0	0.02	0.0	0.0	0.02	0.0	0.0	0.0	0.0	0.0	0.0	0.0	0.56	0.0	0.0	0.0	0.0	0.0	50.05	MuSiC
SRR13990867	0.0	0.0	1.17	0.0	0.0	0.0	14.13	0.0	59.42	0.0	0.0	0.0	0.94	0.0	0.0	0.0	0.0	0.0	0.0	0.0	0.0	0.0	0.0	0.62	0.0	0.0	0.0	0.0	0.0	23.7	MuSiC
SRR13990861	0.0	0.0	3.05	0.0	0.02	0.0	16.65	0.0	59.32	0.0	0.0	0.0	0.12	0.0	0.0	0.0	0.55	0.0	0.0	0.01	0.0	0.0	0.0	0.52	0.0	0.0	0.0	0.0	0.0	19.77	MuSiC
SRR13991044	0.0	0.0	0.0	0.0	0.0	0.0	13.42	0.0	46.64	0.0	0.0	0.0	1.74	0.0	0.0	0.0	0.05	0.0	0.0	0.09	0.01	0.01	0.0	0.18	0.0	0.0	0.0	1.24	0.0	36.62	MuSiC
SRR13990950	0.0	0.0	2.07	0.0	0.0	0.0	15.63	0.0	56.69	0.0	0.0	0.0	0.08	0.0	0.0	0.0	0.37	0.0	0.05	0.0	0.0	0.0	0.0	0.92	0.0	0.0	0.0	1.12	0.0	23.06	MuSiC
SRR13991092	0.0	0.0	1.17	0.0	0.1	0.0	12.75	0.0	53.38	0.0	0.0	0.0	0.12	0.0	0.0	0.0	0.0	0.0	0.0	0.51	0.0	0.04	0.0	0.47	0.0	0.0	0.0	0.35	0.0	31.11	MuSiC
SRR13990917	0.0	0.0	1.22	0.0	0.0	0.0	15.8	0.0	53.13	0.0	0.0	0.0	1.14	0.0	0.0	1.11	0.17	0.0	0.01	1.36	0.03	0.0	0.0	0.63	0.0	0.0	0.0	0.21	0.0	25.2	MuSiC
SRR13991075	0.0	0.0	0.0	0.0	0.0	0.0	15.69	0.27	61.41	0.0	0.0	0.0	0.79	0.0	0.0	0.52	0.15	0.0	0.02	1.39	0.17	0.01	0.0	0.44	0.0	1.77	0.0	0.33	0.0	17.02	MuSiC
SRR13990860	0.0	0.0	5.45	0.0	0.0	0.0	17.17	0.0	54.79	0.0	0.0	0.0	2.3	0.0	0.0	0.0	0.01	0.0	0.0	0.1	0.0	0.01	0.0	0.47	0.0	0.05	0.0	0.01	0.0	19.64	MuSiC
SRR13990870	0.0	0.0	0.7	0.0	0.0	0.0	17.15	0.0	40.68	0.0	0.0	0.0	0.74	0.0	0.0	0.03	0.0	0.0	0.0	0.03	0.01	0.0	0.0	0.09	0.0	0.0	0.0	0.0	0.0	40.57	MuSiC
SRR13990874	0.0	0.0	0.55	0.0	0.04	0.0	12.77	0.0	57.48	0.0	0.0	0.0	0.75	0.0	0.0	0.0	0.81	0.01	0.0	0.01	0.01	0.01	0.0	0.15	0.0	0.72	0.0	0.0	0.0	26.69	MuSiC
SRR13990709	0.0	0.0	0.0	0.0	0.0	0.0	16.12	0.0	40.7	0.0	0.0	0.0	0.52	0.0	0.0	0.0	0.0	0.0	0.0	0.0	0.01	0.0	0.0	0.42	0.0	0.0	0.0	0.0	0.0	42.22	MuSiC
SRR13991076	0.0	0.0	0.0	0.0	0.0	0.0	18.58	0.22	61.59	0.0	0.0	0.0	1.27	0.0	0.0	0.56	0.0	0.0	0.0	0.0	0.02	0.0	0.0	0.09	0.0	0.0	0.0	0.27	0.0	17.41	MuSiC
SRR13990854	0.0	0.0	2.03	0.0	3.71	0.0	11.67	0.0	41.49	0.0	0.0	0.0	2.65	0.0	0.0	0.0	0.0	0.0	0.21	0.02	0.01	0.0	0.0	0.0	0.0	0.0	0.0	0.06	0.0	38.15	MuSiC
SRR13990781	0.0	0.0	0.13	0.0	0.0	0.0	15.75	0.0	61.14	0.0	0.0	0.0	1.67	0.0	0.0	0.03	0.43	0.0	0.0	0.62	0.02	0.01	0.0	0.31	0.0	0.87	0.0	1.37	0.0	17.65	MuSiC
SRR13990875	0.0	0.0	3.21	0.0	2.98	0.0	9.94	0.0	41.09	0.0	0.0	0.0	2.07	0.0	0.0	0.0	0.04	0.0	0.0	0.14	0.0	0.0	0.0	0.26	0.0	0.0	0.0	0.54	0.0	39.73	MuSiC
SRR13990698	0.0	0.0	0.3	0.0	0.0	0.0	12.81	0.0	48.1	0.0	0.0	0.0	0.61	0.0	0.0	0.0	0.0	0.0	0.0	0.0	0.35	0.01	0.0	0.3	0.0	0.0	0.0	0.0	0.0	37.52	MuSiC
SRR13991061	0.0	0.0	0.82	0.0	1.52	0.0	13.28	0.0	60.61	0.0	0.0	0.0	0.0	0.0	0.0	0.0	0.0	0.0	0.02	0.0	0.01	0.0	0.0	0.55	0.0	0.0	0.0	0.0	0.0	23.2	MuSiC
SRR13991107	0.0	0.0	0.0	0.0	0.0	0.0	18.54	0.0	48.85	0.0	0.0	0.0	1.16	0.0	0.0	0.0	0.0	0.0	0.0	0.0	0.58	0.0	0.0	0.17	0.0	0.0	0.0	0.86	0.0	29.84	MuSiC
SRR13990791	0.0	0.0	0.0	0.0	0.0	0.0	12.94	0.0	65.67	0.0	0.0	0.0	2.16	0.0	0.0	0.0	0.48	0.0	0.0	0.0	0.0	0.0	0.0	0.0	0.0	1.23	0.0	0.0	0.0	17.52	MuSiC
SRR13990792	0.0	0.0	0.14	0.0	0.0	0.0	14.59	0.0	64.64	0.0	0.0	0.0	1.53	0.0	0.0	0.0	0.0	0.0	0.0	0.0	0.0	0.0	0.0	0.14	0.0	0.29	0.0	0.0	0.0	18.66	MuSiC
SRR13990946	0.0	0.0	1.56	0.0	0.0	0.0	8.5	0.0	62.43	0.0	0.0	0.0	2.17	0.0	0.0	0.0	0.0	0.0	0.01	0.03	0.01	0.0	0.0	0.36	0.0	0.0	0.0	0.11	0.0	24.81	MuSiC
SRR13990840	0.0	0.0	0.65	0.0	0.0	0.0	16.82	0.0	50.67	0.0	0.0	0.0	1.46	0.0	0.0	0.0	0.0	0.0	0.0	0.0	0.01	0.0	0.0	0.09	0.0	0.0	0.0	2.03	0.01	28.26	MuSiC
SRR13991110	0.0	0.0	0.06	0.0	0.0	0.0	14.06	0.0	61.9	0.0	0.0	0.0	0.48	0.0	0.0	0.0	0.0	0.0	0.0	0.0	0.0	0.0	0.0	0.38	0.0	0.0	0.0	0.0	0.0	23.11	MuSiC
SRR13991060	0.0	0.0	0.06	0.0	0.0	0.0	16.15	0.0	60.96	0.0	0.0	0.0	0.44	0.0	0.0	0.0	0.03	0.0	0.0	0.0	0.01	0.0	0.0	0.19	0.0	0.0	0.0	0.0	0.0	22.16	MuSiC
SRR13990846	0.0	0.0	1.0	0.0	0.0	0.0	20.09	0.0	58.93	0.0	0.0	0.0	0.96	0.0	0.0	0.0	0.14	0.0	0.0	0.04	0.01	0.0	0.0	0.05	0.0	0.0	0.0	0.02	0.0	18.74	MuSiC
SRR13991045	0.0	0.0	0.17	0.0	0.0	0.0	12.71	0.0	48.24	0.0	0.0	0.0	1.82	0.0	0.0	0.0	0.05	0.0	0.0	0.0	0.01	0.02	0.0	0.39	0.0	0.0	0.0	1.19	0.0	35.41	MuSiC
SRR13991108	0.0	0.0	0.08	0.0	0.0	0.0	18.08	0.0	44.87	0.0	0.0	0.0	1.52	0.0	0.0	0.0	0.0	0.0	0.0	0.0	0.01	0.0	0.0	0.34	0.0	0.0	0.0	0.04	0.0	35.06	MuSiC
SRR13990837	0.0	0.0	0.0	0.0	0.0	0.0	18.7	0.0	53.87	0.0	0.0	0.0	2.32	0.0	0.0	0.0	0.82	0.02	0.02	0.0	0.02	0.04	0.0	0.07	0.0	0.0	0.0	0.53	0.05	23.54	MuSiC
SRR13991109	0.0	0.0	0.0	0.0	0.0	0.0	12.37	0.0	64.12	0.0	0.0	0.0	1.3	0.0	0.0	0.0	0.0	0.0	0.0	0.08	0.0	0.0	0.0	0.0	0.0	0.0	0.0	0.0	0.0	22.14	MuSiC
SRR13990823	0.0	0.0	0.04	0.0	0.03	0.0	20.78	0.0	38.52	0.0	0.0	0.0	0.6	0.0	0.0	0.0	0.0	0.0	0.01	0.0	0.01	0.01	0.0	0.49	0.0	0.0	0.0	0.05	0.0	39.44	MuSiC
SRR13990951	0.0	0.0	0.71	0.0	0.0	0.0	16.14	0.16	51.86	0.0	0.0	0.0	1.43	0.0	0.0	0.1	0.0	0.0	0.01	0.01	0.0	0.02	0.0	0.45	0.0	0.0	0.0	0.06	0.0	29.05	MuSiC
SRR13990822	0.0	0.0	0.0	0.0	0.0	0.0	14.76	0.0	40.98	0.0	0.0	0.0	1.01	0.0	0.0	0.0	0.0	0.0	0.0	0.67	0.02	0.0	0.0	0.42	0.0	0.0	0.0	1.91	0.0	40.23	MuSiC
SRR13990853	0.0	0.0	0.13	0.0	1.47	0.0	12.81	0.0	58.34	0.0	0.0	0.0	0.92	0.0	0.0	0.0	0.02	0.0	0.01	0.01	0.02	0.01	0.0	0.22	0.0	0.46	0.0	0.08	0.0	25.5	MuSiC
SRR13990847	0.0	0.0	0.88	0.0	2.0	0.0	15.73	0.0	56.76	0.0	0.0	0.0	1.46	0.0	0.0	0.0	0.0	0.0	0.0	0.02	0.09	0.0	0.0	0.26	0.0	0.0	0.0	0.0	0.0	22.81	MuSiC
SRR13990703	0.0	0.0	1.48	0.0	0.0	0.0	17.27	0.0	52.11	0.0	0.0	0.0	0.77	0.0	0.0	0.0	0.0	0.0	0.0	0.0	0.13	0.0	0.0	0.13	0.0	0.0	0.0	0.0	0.0	28.12	MuSiC
SRR13991072	0.0	0.0	0.0	0.0	0.05	0.0	15.29	0.03	46.19	0.0	0.0	0.0	0.97	0.0	0.0	0.0	0.0	0.0	0.01	0.42	0.02	0.05	0.0	0.25	0.0	0.0	0.0	0.38	0.0	36.34	MuSiC
SRR13991071	0.0	0.0	0.02	0.0	0.0	0.0	17.73	0.0	44.59	0.0	0.0	0.0	0.87	0.0	0.0	0.0	0.0	0.0	0.0	0.0	0.0	0.01	0.0	0.16	0.0	0.0	0.0	0.64	0.01	35.97	MuSiC
SRR13991090	0.0	0.13	3.51	0.01	2.09	11.06	0.0	0.0	15.18	0.6	0.0	0.0	0.0	0.01	6.56	0.2	0.58	0.0	0.0	0.07	0.0	0.0	0.02	0.37	0.0	0.0	0.0	0.42	0.03	59.16	CIBERSORTx
SRR13990878	0.0	0.0	0.0	4.31	8.32	2.36	0.0	0.12	26.6	0.0	0.0	0.42	0.05	0.07	17.59	0.35	0.27	0.0	0.07	0.0	0.0	0.0	0.0	0.15	0.8	13.14	0.03	0.38	0.0	24.96	CIBERSORTx
SRR13990839	0.0	0.13	0.0	4.01	9.86	2.65	0.0	0.06	25.38	0.0	0.0	0.71	0.04	0.07	18.36	0.28	0.26	0.0	0.05	0.13	0.0	0.0	0.0	0.06	0.0	12.52	0.03	0.37	0.0	25.02	CIBERSORTx
SRR13991062	0.89	0.0	0.0	0.74	0.76	0.0	0.0	0.0	34.14	0.12	0.0	0.0	0.0	0.0	2.36	0.57	2.97	0.0	0.0	0.08	0.0	0.01	0.0	0.46	0.33	22.94	0.0	0.13	0.05	33.46	CIBERSORTx
SRR13990797	0.0	0.11	0.0	2.23	6.29	2.76	0.0	0.04	33.05	0.0	0.0	0.86	0.04	0.06	9.29	0.71	1.76	0.0	0.04	0.0	0.0	0.0	0.0	0.18	0.82	20.47	0.02	0.31	0.0	20.95	CIBERSORTx
SRR13990676	0.0	0.11	0.0	1.85	5.89	6.96	0.0	0.0	36.79	0.0	1.41	0.34	0.04	0.14	15.92	0.0	1.22	0.0	0.09	0.2	0.0	0.0	0.3	0.01	0.0	1.9	0.03	1.23	0.0	25.58	CIBERSORTx
SRR13991032	0.0	0.13	0.0	2.06	3.67	9.77	0.0	1.02	25.92	0.0	0.0	0.52	0.01	0.0	14.36	21.05	0.06	0.0	0.05	0.04	0.0	0.0	0.08	0.21	1.88	1.58	0.01	0.29	0.0	17.28	CIBERSORTx
SRR13990778	0.0	0.11	1.55	0.51	3.68	6.08	0.0	0.0	5.69	0.0	7.3	0.11	0.04	0.12	12.13	0.12	0.0	0.03	0.03	0.08	0.02	0.0	0.0	0.32	0.0	0.0	0.03	1.86	0.0	60.18	CIBERSORTx
SRR13990695	0.0	0.0	0.0	1.79	7.61	1.81	0.0	0.05	29.17	0.06	0.0	0.65	0.04	0.07	9.5	0.23	1.76	0.0	0.04	0.0	0.0	0.0	0.03	0.37	0.0	22.68	0.02	0.31	0.0	23.82	CIBERSORTx
SRR13990850	0.0	0.04	0.63	2.15	3.18	5.44	0.0	0.03	35.0	0.33	0.0	0.0	0.0	0.0	10.48	0.05	0.01	0.02	0.05	0.13	0.01	0.0	0.01	0.34	0.0	2.24	0.0	0.49	0.0	39.36	CIBERSORTx
SRR13990858	0.0	0.22	0.0	1.04	5.46	8.55	0.0	0.13	26.8	0.45	1.18	0.0	0.0	0.0	13.84	1.7	1.23	0.0	0.01	0.0	0.0	0.0	0.0	0.27	0.01	3.83	0.0	0.22	0.0	35.07	CIBERSORTx
SRR13990904	0.0	0.0	0.0	3.52	11.41	2.99	0.0	0.1	19.73	0.0	0.0	0.58	0.05	0.18	21.43	0.39	0.29	0.0	0.05	0.0	0.0	0.0	0.0	0.07	0.0	11.96	0.04	0.77	0.0	26.44	CIBERSORTx
SRR13991080	1.26	0.03	0.0	2.04	3.46	0.0	0.0	0.0	34.95	0.0	0.0	0.08	0.01	0.0	7.42	0.49	2.32	0.0	0.02	0.0	0.0	0.0	0.04	0.23	0.0	16.94	0.0	0.12	0.05	30.56	CIBERSORTx
SRR13990868	1.31	0.11	0.0	5.15	7.79	2.17	0.0	0.1	19.66	0.0	0.56	1.1	0.05	0.15	24.3	0.9	0.0	0.0	0.0	0.0	0.02	0.0	0.0	0.31	0.0	0.52	0.03	0.82	0.0	34.95	CIBERSORTx
SRR13990814	0.0	0.12	0.03	1.17	7.18	6.65	0.0	0.0	17.59	0.0	2.37	0.43	0.04	0.17	20.62	0.0	0.24	0.0	0.03	0.0	0.03	0.0	0.16	0.18	0.0	0.0	0.03	1.83	0.0	41.14	CIBERSORTx
SRR13990762	0.0	0.0	0.0	1.05	11.51	1.69	0.0	0.02	32.82	0.25	0.0	0.01	0.0	0.0	5.3	0.19	1.93	0.0	0.0	0.17	0.0	0.04	0.0	0.2	0.12	20.6	0.0	0.16	0.0	23.94	CIBERSORTx
SRR13990629	0.0	0.13	0.0	1.48	9.78	3.85	0.0	0.01	18.1	0.05	1.85	0.0	0.0	0.17	18.5	0.0	0.0	0.0	0.04	0.01	0.03	0.0	0.0	0.28	0.0	0.0	0.03	1.22	0.0	44.47	CIBERSORTx
SRR13990728	0.0	0.12	0.0	5.85	11.79	3.48	0.0	0.01	13.34	0.0	0.88	0.13	0.04	0.19	24.8	0.04	0.0	0.0	0.04	0.0	0.03	0.0	0.0	0.33	0.0	0.0	0.04	0.98	0.0	37.92	CIBERSORTx
SRR13990932	0.0	0.07	0.0	3.42	7.88	3.84	0.0	0.13	18.15	0.0	2.82	0.19	0.04	0.14	25.3	0.0	0.0	0.0	0.05	0.0	0.03	0.0	0.0	0.1	0.0	0.0	0.03	1.04	0.0	36.78	CIBERSORTx
SRR13990879	0.09	0.0	0.0	4.53	6.71	2.59	0.0	0.1	27.91	0.0	0.0	0.72	0.03	0.04	14.23	0.38	0.22	0.0	0.06	0.0	0.0	0.0	0.0	0.07	0.63	9.98	0.03	0.52	0.0	31.16	CIBERSORTx
SRR13990816	0.0	0.12	0.63	0.0	7.63	4.7	0.0	0.0	11.05	0.1	3.27	0.07	0.0	0.17	19.76	0.0	0.0	0.0	0.04	0.0	0.03	0.0	0.0	0.12	0.0	0.0	0.04	1.36	0.0	50.92	CIBERSORTx
SRR13990798	0.89	0.0	0.0	3.5	9.61	0.35	0.0	0.06	25.42	0.0	0.0	0.88	0.05	0.14	21.62	0.21	0.45	0.0	0.05	0.0	0.0	0.0	0.05	0.38	0.0	10.89	0.03	0.67	0.0	24.76	CIBERSORTx
SRR13990892	0.0	0.11	0.0	2.08	7.4	3.29	0.0	0.14	10.19	0.0	3.47	0.77	0.0	0.15	19.87	0.78	0.0	0.0	0.04	0.0	0.03	0.0	0.0	0.3	0.0	0.0	0.03	1.59	0.0	49.76	CIBERSORTx
SRR13990827	0.0	0.12	0.0	4.2	7.96	4.57	0.0	0.27	24.27	0.0	1.66	0.27	0.04	0.16	21.64	2.37	1.07	0.0	0.04	0.0	0.0	0.0	0.0	0.44	0.0	3.45	0.03	0.87	0.0	26.57	CIBERSORTx
SRR13990815	0.0	0.03	0.0	2.33	1.52	9.55	0.0	0.19	31.71	0.0	0.0	1.2	0.02	0.0	2.62	2.08	3.31	0.0	0.02	0.17	0.0	0.01	0.0	0.2	0.73	6.79	0.0	0.3	0.0	37.23	CIBERSORTx
SRR13990739	0.0	0.09	0.39	2.39	8.01	3.17	0.0	0.0	15.09	0.0	1.59	0.0	0.03	0.11	11.1	0.37	0.24	0.0	0.02	0.0	0.01	0.0	0.26	0.42	0.0	0.0	0.03	0.84	0.0	55.83	CIBERSORTx
SRR13991056	1.2	0.12	0.0	4.16	10.11	0.91	0.0	0.32	27.18	0.0	0.01	0.36	0.04	0.14	22.78	2.38	0.33	0.0	0.04	0.0	0.0	0.0	0.37	0.15	0.0	4.1	0.03	1.09	0.01	24.16	CIBERSORTx
SRR13990923	0.0	0.11	0.0	2.59	6.71	5.89	0.0	0.0	23.3	0.0	2.12	0.33	0.03	0.14	11.44	0.0	0.19	0.0	0.02	0.41	0.01	0.0	0.0	0.45	0.0	0.0	0.02	0.63	0.0	45.6	CIBERSORTx
SRR13990645	0.0	0.17	0.89	1.64	11.15	2.37	0.0	0.0	4.76	0.0	4.61	0.0	0.0	0.24	20.77	0.32	0.0	0.0	0.04	0.0	0.03	0.0	0.0	0.13	0.0	0.0	0.05	1.05	0.0	51.78	CIBERSORTx
SRR13990637	0.0	0.12	0.0	2.66	9.15	4.38	0.0	0.01	7.62	0.0	3.51	0.25	0.0	0.16	19.57	0.42	0.0	0.0	0.04	0.0	0.03	0.0	0.0	0.34	0.0	0.0	0.04	1.78	0.0	49.92	CIBERSORTx
SRR13990994	0.0	0.05	0.0	5.28	14.79	3.18	0.0	0.04	24.84	0.0	0.0	0.53	0.07	0.22	30.73	0.0	0.0	0.0	0.06	0.0	0.02	0.0	0.0	0.19	0.0	4.7	0.05	1.21	0.0	14.05	CIBERSORTx
SRR13990838	0.64	0.16	0.0	3.74	7.9	4.27	0.0	0.26	22.74	0.0	1.89	0.28	0.05	0.15	22.92	2.51	0.27	0.0	0.04	0.0	0.0	0.0	0.12	0.03	0.0	0.79	0.03	1.24	0.0	29.97	CIBERSORTx
SRR13991033	0.0	0.17	0.0	0.0	3.12	3.16	0.0	0.98	23.05	0.0	0.0	0.67	0.0	0.02	21.5	23.39	1.27	0.0	0.0	0.01	0.0	0.0	0.0	0.08	0.17	0.42	0.0	0.26	0.0	21.73	CIBERSORTx
SRR13990634	0.0	0.1	0.17	3.03	7.0	5.84	0.0	0.03	26.44	0.0	1.81	0.0	0.04	0.13	15.68	0.03	0.51	0.0	0.03	0.34	0.0	0.0	0.0	0.4	0.0	0.0	0.03	0.73	0.0	37.66	CIBERSORTx
SRR13990993	0.0	0.14	0.0	2.47	10.78	4.94	0.0	0.07	32.79	0.23	0.05	0.25	0.08	0.2	22.14	0.04	0.29	0.0	0.05	0.0	0.0	0.0	0.0	0.4	0.0	8.09	0.04	0.41	0.0	16.56	CIBERSORTx
SRR13990916	1.54	0.13	0.0	4.26	6.2	5.79	0.0	0.35	20.06	0.0	2.78	1.4	0.05	0.14	17.0	6.05	0.29	0.0	0.11	0.0	0.0	0.0	0.0	0.36	0.0	0.0	0.03	1.17	0.0	32.29	CIBERSORTx
SRR13990618	0.0	0.17	0.0	1.9	12.38	3.14	0.0	0.09	9.75	0.0	4.14	0.0	0.06	0.22	25.08	0.19	0.0	0.0	0.05	0.0	0.03	0.0	0.0	0.22	0.0	0.0	0.05	1.95	0.0	40.58	CIBERSORTx
SRR13991026	0.0	0.14	0.0	2.91	11.51	4.03	0.0	0.15	12.4	0.0	1.98	0.59	0.0	0.23	25.15	0.41	0.0	0.0	0.04	0.0	0.01	0.0	0.0	0.14	0.0	0.0	0.05	1.73	0.0	38.54	CIBERSORTx
SRR13990863	0.0	0.17	0.0	3.45	15.59	3.71	0.0	0.09	15.91	0.0	2.7	1.01	0.07	0.23	35.78	0.31	0.0	0.0	0.08	0.0	0.04	0.0	0.0	0.07	0.0	0.0	0.05	1.74	0.0	19.01	CIBERSORTx
SRR13990871	0.0	0.17	0.0	2.57	12.44	3.73	0.0	0.08	6.45	0.0	3.82	0.41	0.02	0.22	27.52	0.79	0.0	0.0	0.06	0.0	0.04	0.0	0.0	0.1	0.0	0.0	0.05	1.51	0.0	40.03	CIBERSORTx
SRR13990862	0.0	0.15	0.0	1.51	10.12	4.53	0.0	0.0	22.06	0.0	2.68	1.77	0.06	0.2	32.12	0.4	0.32	0.0	0.05	0.0	0.03	0.0	0.0	0.24	0.0	0.89	0.04	1.11	0.0	21.74	CIBERSORTx
SRR13990665	0.0	0.14	0.0	2.54	12.41	3.86	0.0	0.01	18.41	0.0	2.05	0.11	0.02	0.21	27.65	0.02	0.0	0.0	0.04	0.0	0.02	0.0	0.0	0.08	0.0	0.0	0.04	1.59	0.0	30.8	CIBERSORTx
SRR13990789	0.0	0.15	0.0	2.65	10.51	3.34	0.0	0.05	9.63	0.0	4.8	0.34	0.0	0.2	23.43	0.2	0.0	0.0	0.05	0.0	0.03	0.0	0.0	0.38	0.0	0.0	0.05	1.53	0.0	42.66	CIBERSORTx
SRR13990758	0.33	0.13	0.0	5.23	8.18	1.95	0.0	0.1	21.96	0.0	3.07	0.76	0.04	0.11	20.95	0.49	0.12	0.0	0.1	0.0	0.02	0.0	0.0	0.19	0.0	0.0	0.04	1.6	0.0	34.62	CIBERSORTx
SRR13990866	0.44	0.16	0.0	2.95	7.54	5.81	0.0	0.11	13.33	0.0	3.13	0.51	0.0	0.18	23.16	1.02	0.27	0.0	0.04	0.0	0.03	0.0	0.0	0.19	0.0	0.0	0.04	1.5	0.0	39.61	CIBERSORTx
SRR13990780	0.0	0.07	0.08	0.6	1.21	7.29	0.0	0.07	47.43	0.46	0.0	0.43	0.05	0.0	2.91	1.98	2.11	0.0	0.07	0.37	0.0	0.0	0.0	0.31	1.99	6.42	0.01	0.11	0.0	26.03	CIBERSORTx
SRR13990800	0.0	0.12	0.15	2.72	7.28	5.54	0.0	0.0	9.44	0.0	3.8	0.16	0.0	0.16	16.93	0.17	0.0	0.0	0.05	0.0	0.03	0.0	0.0	0.38	0.0	0.0	0.03	1.75	0.0	51.3	CIBERSORTx
SRR13991057	1.33	0.12	0.0	6.03	9.83	0.19	0.0	0.31	19.02	0.0	0.0	0.01	0.07	0.13	28.18	0.5	0.0	0.0	0.05	0.0	0.0	0.0	0.0	0.36	0.0	0.0	0.04	1.42	0.0	32.42	CIBERSORTx
SRR13990991	0.53	0.13	0.0	3.97	7.15	3.23	0.0	0.1	18.5	0.0	1.95	0.42	0.05	0.15	17.64	0.45	0.0	0.0	0.03	0.0	0.0	0.0	0.0	0.46	0.0	0.0	0.03	1.63	0.0	43.59	CIBERSORTx
SRR13990635	0.01	0.14	0.0	3.8	11.29	3.9	0.0	0.07	15.19	0.0	1.96	0.68	0.05	0.25	26.39	0.14	0.0	0.0	0.0	0.0	0.02	0.0	0.0	0.03	0.0	0.0	0.04	1.59	0.0	34.46	CIBERSORTx
SRR13990636	0.0	0.14	0.0	0.86	5.19	9.58	0.0	0.02	10.06	0.0	2.61	0.69	0.03	0.07	5.23	0.5	1.38	0.0	0.02	0.06	0.0	0.0	0.0	0.34	0.0	0.0	0.02	0.66	0.15	62.39	CIBERSORTx
SRR13990992	0.0	0.15	0.0	2.56	9.86	3.14	0.0	0.09	15.29	0.0	1.9	0.0	0.06	0.2	24.12	0.42	0.0	0.0	0.06	0.0	0.0	0.0	0.0	0.24	0.0	0.0	0.04	1.9	0.0	39.98	CIBERSORTx
SRR13991093	0.0	0.16	0.38	0.67	11.67	4.6	0.0	0.0	9.63	1.24	3.18	0.0	0.03	0.24	25.65	0.0	0.0	0.0	0.04	0.0	0.03	0.0	0.0	0.05	0.0	0.0	0.04	1.35	0.0	41.03	CIBERSORTx
SRR13990903	0.0	0.16	0.0	1.96	11.73	2.55	0.0	0.06	4.95	0.0	4.84	0.38	0.0	0.21	21.45	0.41	0.0	0.0	0.05	0.0	0.03	0.0	0.0	0.29	0.0	0.0	0.05	1.54	0.0	49.33	CIBERSORTx
SRR13990867	1.47	0.09	0.0	3.14	6.77	3.1	0.0	0.25	16.76	0.0	1.11	1.13	0.01	0.05	19.96	0.96	1.07	0.0	0.01	0.04	0.01	0.0	0.08	0.53	0.0	0.0	0.01	0.75	0.0	42.71	CIBERSORTx
SRR13990861	0.0	0.0	0.0	5.51	15.03	4.71	0.0	0.03	17.16	0.0	1.46	0.57	0.08	0.23	32.63	0.26	0.05	0.0	0.02	0.0	0.04	0.0	0.0	0.16	0.0	0.0	0.05	1.75	0.0	20.25	CIBERSORTx
SRR13991044	0.0	0.23	0.52	0.03	1.85	6.38	0.0	0.0	22.55	0.01	0.0	0.3	0.0	0.0	1.84	0.55	1.85	0.0	0.0	0.05	0.0	0.0	0.01	0.07	0.0	0.0	0.0	0.18	0.0	63.58	CIBERSORTx
SRR13990950	0.0	0.16	0.28	1.26	6.02	11.3	0.0	0.12	20.42	0.0	2.19	0.21	0.0	0.15	18.76	1.59	0.24	0.0	0.05	0.0	0.01	0.0	0.0	0.49	0.0	0.0	0.04	1.16	0.0	35.54	CIBERSORTx
SRR13991092	0.0	0.16	0.0	1.9	13.54	3.2	0.0	0.01	12.13	0.03	2.38	0.05	0.07	0.21	27.69	0.03	0.0	0.0	0.05	0.0	0.03	0.0	0.0	0.26	0.0	0.0	0.06	1.6	0.0	36.58	CIBERSORTx
SRR13990917	1.61	0.17	0.0	4.39	7.01	4.26	0.0	0.2	15.62	0.0	1.85	1.08	0.0	0.13	26.68	3.33	0.28	0.0	0.08	0.0	0.0	0.0	0.0	0.43	0.0	0.0	0.04	1.32	0.0	31.54	CIBERSORTx
SRR13991075	0.0	0.08	0.0	0.59	3.69	11.88	0.0	0.72	30.23	0.0	0.05	0.58	0.0	0.0	9.86	4.6	1.67	0.0	0.05	1.08	0.0	0.11	0.0	0.12	0.01	1.76	0.0	0.38	0.01	32.54	CIBERSORTx
SRR13990860	0.37	0.02	0.0	1.69	10.44	3.32	0.0	0.0	26.59	0.06	0.0	0.06	0.0	0.06	20.27	0.24	2.46	0.0	0.0	0.29	0.0	0.0	0.66	0.31	0.0	0.0	0.0	0.48	0.0	32.68	CIBERSORTx
SRR13990870	0.5	0.11	0.17	1.36	7.35	4.56	0.0	0.01	8.02	0.0	3.37	0.0	0.0	0.15	14.96	1.25	0.0	0.0	0.03	0.0	0.02	0.0	0.0	0.29	0.0	0.0	0.03	1.19	0.0	56.6	CIBERSORTx
SRR13990874	0.0	0.11	0.0	4.56	7.29	3.8	0.0	0.0	24.39	0.07	0.0	0.0	0.05	0.13	19.34	0.26	0.23	0.0	0.04	0.02	0.0	0.0	0.0	0.08	0.0	2.42	0.03	0.93	0.0	36.25	CIBERSORTx
SRR13990709	0.61	0.16	0.0	1.83	10.26	1.82	0.0	0.08	9.3	0.0	4.49	0.67	0.0	0.21	25.32	0.16	0.0	0.0	0.05	0.0	0.03	0.0	0.0	0.33	0.0	0.0	0.05	1.83	0.0	42.8	CIBERSORTx
SRR13991076	0.0	0.07	0.18	0.2	3.28	13.97	0.0	0.65	31.32	0.0	0.0	0.4	0.0	0.0	6.14	5.17	1.81	0.0	0.01	0.0	0.0	0.0	0.02	0.26	0.01	0.0	0.0	0.15	0.02	36.33	CIBERSORTx
SRR13990854	0.0	0.15	0.0	4.19	12.82	3.23	0.0	0.11	11.35	0.0	1.95	0.0	0.06	0.21	27.03	0.0	0.0	0.0	0.06	0.0	0.03	0.0	0.0	0.11	0.0	0.0	0.05	1.51	0.0	37.17	CIBERSORTx
SRR13990781	0.0	0.32	0.0	0.29	2.94	8.25	0.0	0.06	41.17	0.2	0.0	0.67	0.24	0.0	8.49	1.89	1.51	0.0	0.05	0.19	0.0	0.04	0.0	0.39	0.69	3.41	0.0	0.22	0.0	28.99	CIBERSORTx
SRR13990875	0.0	0.0	0.0	2.51	11.38	2.66	0.0	0.09	13.43	0.0	1.71	0.0	0.05	0.19	26.35	0.08	0.0	0.0	0.0	0.0	0.03	0.0	0.0	0.11	0.0	0.0	0.04	1.42	0.0	39.93	CIBERSORTx
SRR13990698	0.0	0.17	0.0	2.83	13.76	2.23	0.0	0.07	8.05	0.0	4.13	0.3	0.0	0.24	29.83	0.03	0.0	0.0	0.0	0.0	0.04	0.0	0.0	0.36	0.0	0.0	0.05	1.29	0.0	36.62	CIBERSORTx
SRR13991061	0.0	0.22	0.0	5.93	14.9	5.2	0.0	0.14	13.53	0.0	2.44	0.43	0.02	0.22	31.23	0.71	0.0	0.0	0.1	0.0	0.04	0.0	0.0	0.09	0.0	0.0	0.05	1.48	0.0	23.28	CIBERSORTx
SRR13991107	0.0	0.0	1.66	0.0	0.0	4.71	0.81	0.0	25.96	0.95	0.0	0.0	0.0	0.0	0.0	0.26	3.25	0.0	0.0	1.38	0.0	0.0	0.0	0.49	0.01	0.0	0.0	0.01	0.01	60.52	CIBERSORTx
SRR13990791	0.0	0.13	0.0	0.87	7.28	4.75	0.0	0.08	33.34	0.41	0.74	0.4	0.05	0.16	21.0	0.08	0.26	0.0	0.07	0.0	0.0	0.0	0.0	0.15	0.0	4.25	0.03	0.74	0.0	25.2	CIBERSORTx
SRR13990792	0.0	0.12	0.0	3.87	8.81	5.44	0.0	0.0	30.09	0.53	1.52	0.0	0.04	0.16	20.17	0.04	0.04	0.0	0.05	0.0	0.01	0.0	0.0	0.06	0.0	2.08	0.03	0.37	0.0	26.57	CIBERSORTx
SRR13990946	0.46	0.14	0.15	3.33	7.64	3.17	0.0	0.0	16.41	0.0	3.97	0.14	0.04	0.12	22.3	0.19	0.0	0.0	0.06	0.0	0.02	0.0	0.0	0.5	0.0	0.0	0.03	1.65	0.0	39.67	CIBERSORTx
SRR13990840	0.0	0.13	0.59	5.08	9.9	7.23	0.0	0.0	16.29	0.0	2.42	0.0	0.04	0.19	17.64	0.12	1.08	0.0	0.04	0.0	0.03	0.0	0.0	0.07	0.0	0.0	0.03	1.46	0.02	37.65	CIBERSORTx
SRR13991110	0.0	0.0	0.0	0.62	7.95	6.63	0.0	0.0	27.7	0.0	2.48	0.0	0.04	0.13	8.22	0.0	2.54	0.0	0.03	0.18	0.01	0.0	0.0	0.38	0.0	0.0	0.03	0.4	0.0	42.65	CIBERSORTx
SRR13991060	0.0	0.19	0.0	3.15	15.97	5.15	0.0	0.14	13.92	0.0	2.53	0.32	0.07	0.25	33.22	0.64	0.0	0.0	0.08	0.0	0.04	0.0	0.0	0.08	0.0	0.0	0.05	1.24	0.0	22.96	CIBERSORTx
SRR13990846	0.0	0.14	0.78	0.73	8.91	12.93	0.0	0.0	21.6	0.77	2.42	0.0	0.0	0.18	22.08	0.31	0.29	0.0	0.05	0.0	0.02	0.0	0.0	0.1	0.0	0.09	0.04	1.37	0.0	27.2	CIBERSORTx
SRR13991045	0.0	0.1	0.23	0.19	1.26	6.11	0.08	0.01	20.63	0.64	0.0	0.0	0.0	0.0	1.92	0.88	1.95	0.0	0.0	0.09	0.0	0.0	0.0	0.06	0.0	0.0	0.0	0.31	0.02	65.5	CIBERSORTx
SRR13991108	0.0	0.1	1.33	0.69	1.57	8.08	0.0	0.0	20.89	0.17	0.0	0.11	0.0	0.0	4.23	0.4	1.04	0.0	0.0	0.07	0.0	0.0	0.0	0.23	0.0	0.0	0.0	0.18	0.0	60.9	CIBERSORTx
SRR13990837	0.0	0.12	1.37	0.0	0.97	12.55	0.87	0.0	23.09	4.59	0.0	0.0	0.02	0.0	0.0	0.21	3.83	0.0	0.06	0.47	0.02	0.0	0.0	0.38	0.0	0.0	0.03	0.18	0.43	50.81	CIBERSORTx
SRR13991109	0.0	0.13	0.0	1.18	6.42	3.86	0.0	0.0	27.22	0.0	0.58	0.12	0.05	0.16	20.69	0.17	2.17	0.0	0.06	0.0	0.0	0.0	0.0	0.33	0.0	0.0	0.05	0.84	0.0	35.96	CIBERSORTx
SRR13990823	0.0	0.15	0.66	0.0	6.66	8.39	0.0	0.0	8.28	0.0	5.55	0.57	0.0	0.19	18.18	1.08	0.0	0.0	0.04	0.0	0.04	0.0	0.0	0.26	0.0	0.0	0.04	1.2	0.0	48.72	CIBERSORTx
SRR13990951	0.0	0.16	1.19	0.0	6.73	6.62	0.0	0.32	10.87	0.6	4.13	0.0	0.0	0.17	20.23	1.61	0.0	0.0	0.04	0.0	0.03	0.0	0.0	0.68	0.0	0.0	0.04	1.75	0.0	44.83	CIBERSORTx
SRR13990822	0.67	0.15	0.49	0.04	6.26	4.32	0.0	0.0	10.08	0.0	4.24	0.0	0.0	0.16	16.36	0.88	0.0	0.0	0.04	0.0	0.03	0.0	0.31	0.4	0.0	0.0	0.04	1.45	0.0	54.11	CIBERSORTx
SRR13990853	0.0	0.0	0.0	4.45	10.49	3.07	0.0	0.09	17.39	0.0	1.25	0.34	0.07	0.14	25.67	0.0	0.0	0.0	0.08	0.0	0.01	0.0	0.0	0.43	0.0	0.07	0.04	1.33	0.0	35.1	CIBERSORTx
SRR13990847	0.0	0.18	1.25	0.84	8.22	11.63	0.0	0.0	15.65	0.0	2.61	0.0	0.05	0.18	22.88	0.48	0.29	0.0	0.11	0.14	0.02	0.0	0.0	0.05	0.0	0.0	0.06	1.6	0.0	33.75	CIBERSORTx
SRR13990703	0.0	0.17	0.44	1.71	12.08	4.57	0.0	0.0	12.08	0.0	3.56	0.37	0.0	0.23	24.44	0.48	0.0	0.0	0.06	0.0	0.02	0.0	0.0	0.18	0.0	0.0	0.05	1.39	0.0	38.15	CIBERSORTx
SRR13991072	0.0	0.13	0.0	0.0	10.54	3.2	0.54	0.25	11.36	0.64	1.98	0.02	0.0	0.19	26.16	0.26	0.0	0.0	0.05	0.0	0.02	0.0	0.0	0.22	0.0	0.0	0.06	0.44	0.0	43.94	CIBERSORTx
SRR13991071	0.0	0.15	0.05	2.45	10.2	3.3	0.0	0.07	13.3	0.64	2.95	0.0	0.0	0.21	21.35	0.18	0.0	0.0	0.04	0.0	0.03	0.0	0.0	0.16	0.0	0.0	0.04	1.02	0.0	43.87	CIBERSORTx
SRR13991090	0.0	0.0	1.14	0.0	0.0	0.0	0.45	0.0	3.77	0.0	0.0	0.0	7.94	0.0	0.0	0.3	0.0	0.15	0.79	2.21	0.0	0.0	0.0	0.0	0.0	1.96	0.0	0.68	0.0	80.6	NNLS
SRR13990878	0.0	0.98	1.85	4.3	12.15	0.0	0.0	0.0	6.87	0.0	0.0	0.0	1.89	0.0	2.08	1.87	2.17	0.0	0.0	0.57	0.0	0.0	0.0	0.0	0.0	5.91	0.0	2.26	0.0	57.11	NNLS
SRR13990839	0.0	1.16	2.77	4.66	14.02	0.0	0.0	0.0	6.48	0.0	0.0	0.0	2.26	0.0	5.24	1.35	0.94	0.0	0.0	1.64	0.0	0.0	0.0	0.02	0.0	4.23	0.01	2.56	0.0	52.66	NNLS
SRR13991062	0.0	0.0	3.77	4.17	0.0	0.0	0.0	0.0	11.68	0.0	0.0	0.0	3.2	0.0	0.0	3.4	3.99	0.0	0.0	4.83	0.0	0.0	0.0	0.0	0.0	10.78	0.0	0.0	0.0	54.18	NNLS
SRR13990797	0.0	0.99	1.91	4.84	3.73	0.0	0.0	0.0	10.83	0.0	0.0	0.0	2.57	0.0	0.0	4.42	3.91	0.0	0.24	3.2	0.0	0.0	0.0	0.12	0.0	7.98	0.0	2.71	0.0	52.55	NNLS
SRR13990676	0.0	0.82	3.63	2.55	9.6	0.0	0.07	0.0	10.12	0.0	0.0	0.0	0.37	0.0	3.39	0.77	0.61	0.0	0.4	3.02	0.0	0.0	0.44	0.34	0.0	0.03	0.03	2.29	0.0	61.54	NNLS
SRR13991032	0.0	0.0	2.35	0.0	0.0	0.0	0.0	0.0	5.34	1.39	0.0	0.0	0.41	0.0	0.0	52.72	0.0	0.0	0.11	2.16	0.0	0.0	0.0	0.23	0.0	0.0	0.0	0.49	0.0	34.78	NNLS
SRR13990778	0.0	0.25	0.79	0.0	3.42	0.0	0.03	0.0	0.82	0.0	0.0	0.0	5.91	0.13	1.53	0.02	0.0	0.08	0.62	0.99	0.0	0.0	0.0	0.0	0.0	1.04	0.01	0.98	0.0	83.38	NNLS
SRR13990695	0.0	0.0	1.2	3.68	9.56	0.0	0.6	0.0	9.17	0.0	0.0	0.0	3.15	0.0	0.0	0.88	1.51	0.0	0.31	4.29	0.0	0.0	0.0	0.48	0.0	6.65	0.0	0.28	0.0	58.25	NNLS
SRR13990850	0.0	0.04	1.23	0.08	4.22	0.0	0.43	0.0	8.69	0.0	0.0	0.0	6.95	0.0	2.61	0.14	0.01	0.39	0.77	1.17	0.0	0.0	0.0	0.0	0.0	2.44	0.0	0.5	0.0	70.33	NNLS
SRR13990858	0.0	0.71	2.35	0.5	6.66	0.1	0.15	0.0	4.65	0.0	0.45	0.0	1.15	0.0	1.58	7.18	0.46	0.0	0.3	2.95	0.0	0.0	0.28	0.39	0.0	0.39	0.05	2.08	0.0	67.61	NNLS
SRR13990904	0.0	1.13	1.35	2.2	18.05	0.0	0.0	0.0	4.33	0.0	0.0	0.0	1.39	0.0	10.09	1.15	0.73	0.0	0.0	0.84	0.0	0.0	0.32	0.0	0.0	3.69	0.01	2.18	0.0	52.54	NNLS
SRR13991080	0.0	0.37	0.95	5.08	2.12	0.0	0.0	0.0	9.85	0.0	0.0	0.0	2.96	0.0	0.0	3.81	3.6	0.0	0.04	3.75	0.0	0.0	0.0	0.04	0.0	8.43	0.0	2.39	0.0	56.61	NNLS
SRR13990868	0.0	0.81	0.41	0.0	13.78	0.0	0.0	0.0	3.26	0.0	0.44	0.0	0.51	0.55	13.46	3.6	0.07	0.0	0.06	0.0	0.0	0.0	1.18	0.23	0.0	1.28	0.07	1.58	0.0	58.72	NNLS
SRR13990814	0.0	2.06	4.28	1.59	16.59	0.0	0.0	0.0	3.01	0.0	0.96	0.0	0.0	0.0	7.24	0.62	0.0	0.0	0.0	1.68	0.0	0.0	0.0	0.39	0.0	0.0	0.07	4.1	0.0	57.41	NNLS
SRR13990762	0.0	0.0	0.91	3.64	12.15	0.0	0.4	0.0	8.19	0.0	0.0	0.0	2.82	0.0	0.0	0.96	1.47	0.0	0.25	3.32	0.0	0.0	0.0	0.46	0.0	6.3	0.0	0.16	0.0	58.98	NNLS
SRR13990629	0.0	0.52	2.44	1.46	10.64	0.0	0.0	0.0	2.96	0.0	0.81	0.0	0.0	0.0	2.95	0.32	0.0	0.0	0.16	1.97	0.0	0.0	0.0	0.3	0.0	0.0	0.04	1.47	0.0	73.95	NNLS
SRR13990728	0.31	0.66	2.18	1.33	17.08	0.0	0.0	0.0	2.28	0.0	0.0	0.0	0.73	0.0	2.63	1.59	0.0	0.0	0.31	1.11	0.0	0.0	0.0	0.23	0.0	0.64	0.01	1.68	0.0	67.22	NNLS
SRR13990932	0.0	0.41	0.0	0.0	16.91	0.0	0.0	0.17	4.25	0.11	0.01	0.0	3.99	1.07	15.38	0.02	0.0	0.22	0.09	0.0	0.01	0.0	0.0	0.0	0.0	0.55	0.09	0.92	0.0	55.82	NNLS
SRR13990879	0.0	0.89	1.38	3.75	6.64	0.0	0.0	0.0	6.44	0.0	0.0	0.0	2.79	0.0	0.0	2.28	2.22	0.0	0.0	1.07	0.0	0.0	0.0	0.0	0.0	5.86	0.0	2.14	0.0	64.53	NNLS
SRR13990816	0.0	1.69	2.28	0.0	17.76	0.0	0.0	0.0	0.74	0.0	1.9	0.0	0.0	0.53	15.22	0.4	0.0	0.0	0.0	0.0	0.02	0.0	0.12	0.2	0.0	0.0	0.09	3.27	0.0	55.79	NNLS
SRR13990798	0.0	1.12	1.04	2.4	12.76	0.0	0.0	0.0	5.27	0.0	0.0	0.0	1.91	0.0	9.96	2.39	1.33	0.0	0.38	0.91	0.0	0.0	0.63	0.22	0.0	4.44	0.01	2.29	0.0	52.93	NNLS
SRR13990892	0.0	0.64	0.51	0.0	12.29	0.0	0.0	0.0	0.0	0.43	0.78	0.0	0.0	0.52	11.28	1.52	0.0	0.0	0.06	0.0	0.01	0.0	0.0	0.26	0.0	0.0	0.05	1.59	0.0	70.06	NNLS
SRR13990827	0.0	1.49	3.53	3.5	19.56	0.0	0.0	0.0	5.27	0.0	0.5	0.0	0.72	0.0	13.37	8.01	0.0	0.0	0.0	0.0	0.0	0.0	0.0	0.05	0.0	0.8	0.06	3.01	0.0	40.12	NNLS
SRR13990815	0.0	0.0	4.23	0.59	0.0	0.0	0.83	0.0	6.34	0.1	0.0	0.0	1.56	0.0	0.0	8.63	0.45	0.0	0.12	4.63	0.0	0.0	0.0	0.31	0.0	0.55	0.0	0.21	0.0	71.45	NNLS
SRR13990739	0.11	0.16	2.29	1.03	7.97	0.0	0.0	0.0	1.77	0.0	0.0	0.0	0.82	0.0	0.0	1.92	0.0	0.0	0.31	1.84	0.0	0.0	0.0	0.15	0.0	0.21	0.0	0.96	0.0	80.47	NNLS
SRR13991056	0.0	1.73	3.44	3.55	13.54	0.0	0.0	0.0	6.2	0.0	0.0	0.0	2.46	0.0	4.61	3.8	1.0	0.0	0.24	1.2	0.0	0.0	0.0	0.04	0.0	3.63	0.0	3.64	0.0	50.92	NNLS
SRR13990923	0.0	0.48	3.23	2.87	6.79	0.0	0.0	0.0	4.38	0.0	0.01	0.0	0.0	0.0	0.0	0.21	0.0	0.0	0.24	2.73	0.0	0.0	0.0	0.42	0.0	0.0	0.04	1.7	0.0	76.91	NNLS
SRR13990645	0.0	0.68	0.0	0.0	33.32	0.0	0.0	0.0	0.0	0.0	0.0	0.0	0.0	1.58	29.05	0.48	0.0	0.0	0.0	0.0	0.09	0.0	0.0	0.0	0.0	0.0	0.13	1.53	0.0	33.14	NNLS
SRR13990637	0.0	0.99	2.36	0.0	11.93	0.0	0.0	0.0	0.28	0.0	1.09	0.0	0.0	0.0	6.26	3.15	0.0	0.0	0.29	0.55	0.0	0.0	0.68	0.23	0.0	0.0	0.04	3.19	0.0	68.96	NNLS
SRR13990994	0.0	0.93	0.86	1.3	49.7	0.0	0.0	0.0	3.24	0.0	0.78	0.0	0.33	0.72	19.05	0.22	0.0	0.0	0.0	0.0	0.01	0.0	0.0	0.19	0.0	0.82	0.13	1.8	0.0	19.93	NNLS
SRR13990838	0.0	1.53	1.97	0.0	22.69	0.0	0.0	0.0	3.35	0.46	2.69	0.0	0.55	0.62	21.61	6.63	0.0	0.0	0.0	0.0	0.01	0.0	0.0	0.0	0.0	0.0	0.11	2.85	0.0	34.94	NNLS
SRR13991033	0.0	0.0	1.32	0.0	2.13	0.0	0.0	0.0	4.06	1.35	0.0	0.0	0.27	0.0	0.0	50.97	0.0	0.0	0.08	1.39	0.0	0.0	0.0	0.17	0.0	0.0	0.0	0.74	0.0	37.52	NNLS
SRR13990634	0.0	0.32	2.43	0.0	6.49	0.0	0.18	0.0	4.75	0.67	0.63	0.0	0.4	0.0	5.27	2.67	0.0	0.0	0.25	2.28	0.0	0.0	0.21	0.39	0.0	0.0	0.04	1.13	0.0	71.89	NNLS
SRR13990993	0.0	1.5	5.35	4.44	22.8	0.67	0.0	0.0	10.65	0.0	0.0	0.0	0.93	0.0	0.0	0.61	1.14	0.0	0.21	2.44	0.0	0.0	0.0	0.28	0.0	1.51	0.0	3.31	0.11	44.03	NNLS
SRR13990916	0.0	0.0	2.46	0.0	3.54	0.0	0.14	0.0	4.0	0.77	0.24	0.0	0.29	0.03	0.0	28.87	0.0	0.0	0.83	2.6	0.0	0.0	0.04	0.4	0.0	0.0	0.03	1.09	0.0	54.67	NNLS
SRR13990618	0.0	0.97	0.62	0.0	17.42	0.0	0.0	0.0	0.0	0.44	1.25	0.0	0.0	0.66	15.92	1.32	0.0	0.0	0.0	0.0	0.04	0.0	0.0	0.16	0.0	0.0	0.09	2.03	0.0	59.08	NNLS
SRR13991026	0.0	0.9	2.7	1.84	19.95	0.07	0.0	0.0	1.76	0.0	0.0	0.0	0.0	0.0	0.0	0.82	0.0	0.0	0.04	1.13	0.0	0.0	0.0	0.39	0.0	0.0	0.03	2.79	0.1	67.49	NNLS
SRR13990863	0.0	0.45	0.0	0.0	50.65	0.0	0.0	0.0	1.18	0.0	1.52	0.0	0.57	1.42	24.29	1.01	0.0	0.0	0.0	0.0	0.06	0.0	0.0	0.06	0.0	0.0	0.15	0.95	0.0	17.68	NNLS
SRR13990871	0.0	0.31	0.3	0.0	31.52	0.0	0.0	0.0	0.0	0.09	0.87	0.0	0.0	0.81	11.39	3.23	0.0	0.0	0.0	0.0	0.04	0.0	0.0	0.28	0.0	0.0	0.09	1.07	0.0	50.0	NNLS
SRR13990862	0.0	1.84	1.7	0.0	25.05	0.0	0.0	0.0	3.56	0.0	2.99	0.0	0.84	1.66	27.15	1.98	0.0	0.0	0.0	0.0	0.02	0.0	0.53	0.13	0.0	0.0	0.16	2.66	0.0	29.72	NNLS
SRR13990665	0.0	0.28	0.0	0.0	37.45	0.0	0.0	0.0	1.6	0.0	1.47	0.0	0.09	0.9	17.09	0.36	0.0	0.0	0.0	0.0	0.02	0.0	0.0	0.18	0.0	0.0	0.11	0.94	0.0	39.49	NNLS
SRR13990789	0.0	0.35	1.57	0.04	13.0	0.0	0.0	0.0	0.0	0.31	0.96	0.0	0.0	0.0	6.57	0.74	0.0	0.0	0.45	0.38	0.0	0.0	0.28	0.65	0.0	0.0	0.06	1.36	0.0	73.29	NNLS
SRR13990758	0.0	0.59	2.87	1.89	11.32	0.0	0.0	0.0	4.9	0.0	0.0	0.0	4.16	0.0	4.82	3.87	0.0	0.0	0.42	0.81	0.0	0.0	0.0	0.0	0.0	1.0	0.03	1.59	0.0	61.72	NNLS
SRR13990866	0.0	1.43	0.67	0.0	20.08	0.0	0.0	0.0	1.28	0.0	2.56	0.0	0.0	1.14	22.25	2.77	0.0	0.0	0.0	0.0	0.02	0.0	0.03	0.17	0.0	0.0	0.12	2.52	0.0	44.96	NNLS
SRR13990780	0.0	0.0	4.16	0.7	0.0	0.0	1.23	0.0	10.99	0.92	0.0	0.0	2.07	0.0	0.0	8.58	0.37	0.0	0.25	5.94	0.0	0.0	0.0	0.31	0.0	1.44	0.0	0.0	0.0	63.02	NNLS
SRR13990800	0.0	0.68	0.0	0.0	15.01	0.0	0.0	0.0	0.0	0.26	1.27	0.0	0.0	1.0	17.0	0.53	0.0	0.0	0.06	0.0	0.02	0.0	0.0	0.31	0.0	0.0	0.09	1.71	0.0	62.05	NNLS
SRR13991057	0.0	1.3	2.02	1.98	18.14	0.0	0.0	0.0	3.14	0.0	0.28	0.0	1.77	0.02	13.13	1.75	0.0	0.0	0.18	0.0	0.0	0.0	0.12	0.02	0.0	1.64	0.06	2.7	0.0	51.74	NNLS
SRR13990991	0.0	0.65	2.05	0.73	11.71	0.0	0.0	0.0	2.43	0.0	0.96	0.0	0.91	0.0	5.3	1.95	0.0	0.0	0.38	1.51	0.0	0.0	0.0	0.33	0.0	0.0	0.06	1.97	0.0	69.07	NNLS
SRR13990635	0.0	0.28	0.29	0.0	24.84	0.0	0.0	0.0	1.59	0.13	1.4	0.0	0.26	0.79	14.73	2.01	0.0	0.0	0.0	0.0	0.01	0.0	0.0	0.31	0.0	0.0	0.09	0.91	0.0	52.36	NNLS
SRR13990636	0.0	0.05	3.67	2.03	0.0	0.0	0.0	0.0	1.51	0.0	0.0	0.0	0.15	0.0	0.0	4.69	0.0	0.0	0.21	1.87	0.0	0.0	0.0	0.22	0.0	0.0	0.0	2.94	0.13	82.54	NNLS
SRR13990992	0.0	0.57	1.69	0.16	14.63	0.0	0.0	0.0	1.13	0.32	1.22	0.0	0.5	0.09	8.01	1.5	0.0	0.0	0.13	0.6	0.0	0.0	0.0	0.25	0.0	0.0	0.07	1.68	0.0	67.45	NNLS
SRR13991093	0.0	0.82	0.0	0.0	23.64	0.0	0.0	0.0	0.0	0.0	1.54	0.0	0.0	1.19	22.72	0.21	0.0	0.0	0.0	0.0	0.06	0.0	0.0	0.0	0.0	0.0	0.12	1.74	0.0	47.96	NNLS
SRR13990903	0.0	0.55	0.0	0.0	14.93	0.0	0.0	0.0	0.0	0.43	0.13	0.0	0.0	0.84	14.33	0.73	0.0	0.0	0.0	0.0	0.04	0.0	0.0	0.2	0.0	0.0	0.06	1.52	0.0	66.24	NNLS
SRR13990867	0.43	0.65	3.95	0.99	10.93	0.0	0.0	0.0	3.68	0.0	0.0	0.0	0.0	0.0	0.0	4.09	0.0	0.0	0.46	2.45	0.0	0.0	0.0	0.34	0.0	0.0	0.0	1.79	0.01	70.22	NNLS
SRR13990861	0.0	0.81	1.93	1.75	40.8	0.0	0.0	0.0	2.52	0.0	0.57	0.0	0.27	0.25	12.69	2.38	0.0	0.0	0.0	0.0	0.0	0.0	0.0	0.27	0.0	0.15	0.1	1.96	0.0	33.56	NNLS
SRR13991044	0.0	0.0	2.4	0.0	0.4	0.0	0.12	0.0	2.19	0.72	0.0	0.0	1.01	0.0	0.0	2.36	0.0	0.0	0.52	1.62	0.0	0.0	0.0	0.04	0.0	0.0	0.0	0.82	0.0	87.82	NNLS
SRR13990950	0.0	0.84	3.84	1.78	7.63	0.0	0.31	0.0	4.37	0.0	0.81	0.0	0.0	0.0	2.65	4.98	0.0	0.0	0.35	2.63	0.0	0.0	0.0	0.64	0.0	0.0	0.06	1.88	0.0	67.24	NNLS
SRR13991092	0.0	0.99	1.52	0.0	19.01	0.0	0.0	0.0	0.94	0.1	1.96	0.0	0.0	0.59	15.19	0.43	0.0	0.0	0.04	0.0	0.01	0.0	0.51	0.21	0.0	0.0	0.11	2.18	0.0	56.19	NNLS
SRR13990917	0.0	0.0	1.85	0.0	8.69	0.0	0.0	0.0	2.25	0.16	0.74	0.0	0.02	0.63	4.71	19.82	0.0	0.0	0.55	1.51	0.0	0.0	0.2	0.34	0.0	0.0	0.05	1.16	0.0	57.3	NNLS
SRR13991075	0.0	0.0	2.5	0.0	2.94	0.0	0.92	0.0	8.32	0.5	0.94	0.0	0.58	0.0	0.0	11.49	0.0	0.0	0.6	5.06	0.0	0.0	0.0	0.7	0.0	0.0	0.07	0.36	0.0	65.02	NNLS
SRR13990860	0.0	0.74	5.39	3.59	15.02	0.0	0.0	0.0	4.81	0.0	0.0	0.0	0.45	0.0	0.0	3.85	0.04	0.0	0.45	2.63	0.0	0.0	0.0	0.24	0.0	0.0	0.0	2.25	0.04	60.49	NNLS
SRR13990870	0.0	0.3	2.21	0.76	8.68	0.0	0.0	0.0	0.15	0.0	0.0	0.0	0.0	0.0	0.0	5.25	0.0	0.0	0.4	1.49	0.0	0.0	0.0	0.43	0.0	0.0	0.0	1.31	0.0	79.01	NNLS
SRR13990874	0.0	1.15	1.26	0.2	16.96	0.0	0.0	0.0	3.27	0.0	0.6	0.0	1.56	0.57	16.34	1.07	0.0	0.0	0.11	0.0	0.0	0.0	0.87	0.0	0.0	1.48	0.08	2.11	0.0	52.38	NNLS
SRR13990709	0.0	0.73	0.22	0.0	14.36	0.0	0.0	0.0	0.0	0.41	0.16	0.0	0.0	0.78	12.88	0.23	0.0	0.0	0.0	0.0	0.03	0.0	0.0	0.14	0.0	0.0	0.06	1.81	0.0	68.19	NNLS
SRR13991076	0.0	0.0	3.56	0.5	0.0	0.0	0.67	0.0	7.92	0.53	0.0	0.0	0.47	0.0	0.0	13.74	0.0	0.0	0.6	3.63	0.0	0.0	0.0	0.41	0.0	0.0	0.01	0.3	0.0	67.65	NNLS
SRR13990854	0.0	0.93	0.0	0.0	35.04	0.0	0.0	0.0	0.0	0.0	0.18	0.0	0.22	1.79	33.74	0.0	0.0	0.0	0.0	0.0	0.07	0.0	0.0	0.0	0.0	0.0	0.16	1.73	0.0	26.11	NNLS
SRR13990781	0.0	0.0	2.11	1.91	5.29	0.0	0.81	0.0	8.54	0.0	0.29	0.0	1.39	0.0	0.36	4.67	0.46	0.0	0.51	4.34	0.0	0.0	0.0	0.5	0.0	0.39	0.04	0.93	0.0	67.46	NNLS
SRR13990875	0.0	0.99	0.0	0.0	31.82	0.0	0.0	0.0	0.16	0.0	0.27	0.0	0.48	1.75	33.48	0.34	0.0	0.0	0.0	0.0	0.07	0.0	0.0	0.0	0.0	0.0	0.15	1.8	0.0	28.7	NNLS
SRR13990698	0.0	0.38	0.83	0.0	14.62	0.0	0.0	0.0	0.0	0.44	0.0	0.0	0.0	0.33	5.75	0.23	0.0	0.0	0.02	0.0	0.02	0.0	0.0	0.18	0.0	0.0	0.02	1.52	0.0	75.66	NNLS
SRR13991061	0.0	0.92	0.0	0.0	39.74	0.0	0.0	0.0	1.02	0.0	2.07	0.0	0.0	1.39	25.9	2.35	0.0	0.0	0.0	0.0	0.06	0.0	0.0	0.09	0.0	0.0	0.15	1.82	0.0	24.49	NNLS
SRR13991107	0.0	0.0	2.9	0.0	0.0	0.0	0.15	0.0	1.63	0.34	0.0	0.0	0.0	0.0	0.0	0.78	0.0	0.0	0.47	2.04	0.0	0.0	0.0	0.95	0.0	0.0	0.0	0.0	0.0	90.74	NNLS
SRR13990791	0.0	0.93	2.27	1.58	11.14	0.0	0.0	0.0	8.44	0.0	1.32	0.0	1.35	0.0	11.07	1.35	0.0	0.0	0.19	2.26	0.0	0.0	0.27	0.21	0.0	0.0	0.08	1.79	0.0	55.76	NNLS
SRR13990792	0.0	0.86	1.99	1.03	12.24	0.0	0.0	0.0	6.56	0.0	1.17	0.0	0.9	0.0	12.09	0.97	0.0	0.0	0.41	1.63	0.0	0.0	0.7	0.21	0.0	0.0	0.08	1.72	0.0	57.44	NNLS
SRR13990946	0.0	0.67	1.83	0.0	14.14	0.0	0.0	0.0	3.44	0.49	0.81	0.0	3.08	0.47	10.48	2.25	0.0	0.0	0.32	0.2	0.0	0.0	0.0	0.0	0.0	0.0	0.07	1.64	0.0	60.11	NNLS
SRR13990840	0.0	0.03	2.34	0.34	12.87	0.0	0.32	0.0	2.79	0.0	0.32	0.0	0.52	0.03	3.57	2.49	0.0	0.0	0.4	1.51	0.0	0.0	0.37	0.3	0.0	0.0	0.03	0.92	0.0	70.84	NNLS
SRR13991110	0.0	0.25	2.96	1.04	7.7	0.0	0.0	0.0	5.12	0.13	0.0	0.0	0.0	0.0	0.0	1.67	0.0	0.0	0.28	3.39	0.0	0.0	0.0	0.37	0.0	0.0	0.0	1.09	0.0	75.99	NNLS
SRR13991060	0.0	1.15	0.01	0.0	34.07	0.0	0.0	0.0	1.55	0.0	2.63	0.0	0.0	1.29	24.77	2.61	0.0	0.0	0.0	0.0	0.04	0.0	0.0	0.07	0.0	0.0	0.14	2.08	0.0	29.59	NNLS
SRR13990846	0.0	1.58	2.96	0.0	19.97	0.42	0.0	0.0	4.47	0.0	1.99	0.0	0.34	0.59	14.48	3.41	0.0	0.0	0.0	1.67	0.01	0.0	0.15	0.3	0.0	0.0	0.12	2.99	0.0	44.55	NNLS
SRR13991045	0.0	0.0	2.18	0.0	0.07	0.0	0.02	0.0	1.89	0.68	0.0	0.0	1.48	0.0	0.0	2.71	0.0	0.0	0.46	1.82	0.0	0.0	0.0	0.02	0.0	0.0	0.0	0.52	0.0	88.14	NNLS
SRR13991108	0.0	0.06	2.13	0.0	1.72	0.0	0.2	0.0	1.03	0.64	0.0	0.0	0.16	0.0	0.0	1.1	0.0	0.0	0.63	1.76	0.0	0.0	0.07	0.76	0.0	0.0	0.0	1.01	0.0	88.75	NNLS
SRR13990837	0.0	0.0	4.17	0.0	0.0	0.0	0.75	0.0	3.07	0.0	0.0	0.0	0.69	0.0	0.0	2.33	0.0	0.0	0.56	4.05	0.0	0.0	0.0	0.18	0.0	0.0	0.0	0.0	0.0	84.2	NNLS
SRR13991109	0.0	1.15	2.48	0.0	11.5	0.0	0.0	0.0	4.36	0.14	1.93	0.0	0.0	0.25	10.94	1.23	0.0	0.0	0.04	1.38	0.0	0.0	0.47	0.33	0.0	0.0	0.08	2.01	0.0	61.71	NNLS
SRR13990823	0.0	0.15	0.66	0.0	6.64	0.0	0.0	0.0	0.0	0.37	0.0	0.0	0.0	0.5	5.08	4.46	0.0	0.0	0.21	0.62	0.02	0.0	0.0	0.17	0.0	0.0	0.03	1.03	0.0	80.05	NNLS
SRR13990951	0.0	0.78	1.77	0.0	12.1	0.0	0.0	0.0	0.44	0.0	1.83	0.0	0.0	0.65	12.25	5.22	0.0	0.0	0.14	0.21	0.0	0.0	0.0	0.35	0.0	0.0	0.08	1.7	0.0	62.47	NNLS
SRR13990822	0.0	0.03	1.21	0.0	5.76	0.0	0.0	0.0	0.0	0.26	0.0	0.0	0.0	0.14	0.54	4.93	0.0	0.0	0.44	0.88	0.02	0.0	0.0	0.12	0.0	0.0	0.01	0.88	0.0	84.79	NNLS
SRR13990853	0.0	1.21	0.64	0.0	20.9	0.0	0.0	0.0	2.29	0.0	1.74	0.0	0.95	1.05	21.07	0.01	0.0	0.0	0.0	0.0	0.0	0.0	0.3	0.25	0.0	0.3	0.12	2.23	0.0	46.95	NNLS
SRR13990847	0.0	1.48	1.44	0.0	19.21	0.0	0.0	0.0	2.57	0.0	2.1	0.0	0.26	1.06	20.08	3.43	0.0	0.0	0.0	0.84	0.03	0.0	0.0	0.23	0.0	0.0	0.15	2.75	0.0	44.39	NNLS
SRR13990703	0.0	1.24	3.71	2.18	16.23	0.0	0.0	0.0	1.54	0.0	0.2	0.0	0.0	0.0	2.14	1.64	0.0	0.0	0.0	1.84	0.0	0.0	0.0	0.31	0.0	0.0	0.05	2.87	0.01	66.02	NNLS
SRR13991072	0.0	0.04	0.8	0.0	17.94	0.0	0.08	0.0	0.61	0.14	1.13	0.0	0.0	0.42	9.12	2.02	0.0	0.0	0.15	0.15	0.01	0.0	0.0	0.27	0.0	0.0	0.09	0.67	0.0	66.36	NNLS
SRR13991071	0.0	0.15	0.96	0.0	11.77	0.0	0.0	0.0	0.82	0.2	0.57	0.0	0.0	0.36	6.15	2.3	0.0	0.0	0.23	0.72	0.0	0.0	0.08	0.2	0.0	0.0	0.05	0.75	0.0	74.68	NNLS
SRR13990618	0.0	0.2	0.27	0.13	10.89	1.65	0.0	0.05	1.36	0.0	2.63	0.0	0.0	0.37	21.41	0.49	0.0	0.0	0.0	0.0	0.11	0.0	0.0	0.14	0.0	0.0	0.09	0.76	0.0	59.44	nuSVR
SRR13990629	0.07	0.03	0.0	0.0	4.98	0.32	0.0	0.0	3.54	0.1	0.06	0.16	0.0	0.01	7.83	0.07	0.0	0.0	0.0	0.0	0.0	0.0	0.0	0.08	0.0	0.0	0.0	0.06	0.0	82.68	nuSVR
SRR13990634	0.0	0.03	0.03	0.27	4.58	0.63	0.0	0.01	6.01	0.02	0.0	0.0	0.0	0.0	8.31	0.27	0.31	0.0	0.01	0.02	0.0	0.0	0.0	0.15	0.0	0.14	0.0	0.06	0.0	79.14	nuSVR
SRR13990635	0.0	0.0	0.0	1.03	13.15	0.76	0.0	0.14	2.55	0.0	1.12	0.33	0.0	0.27	25.26	0.09	0.0	0.0	0.0	0.0	0.06	0.0	0.0	0.05	0.0	0.0	0.06	0.22	0.0	54.9	nuSVR
SRR13990636	0.0	0.24	1.01	0.42	4.9	0.94	0.39	0.0	2.22	0.57	1.84	0.0	0.12	0.2	0.41	0.79	0.0	0.0	0.14	0.33	0.17	0.0	0.0	0.21	0.0	0.0	0.1	0.19	0.12	84.68	nuSVR
SRR13990637	0.0	0.04	0.0	0.64	6.32	0.59	0.0	0.01	1.33	0.0	0.67	0.11	0.0	0.07	10.67	0.27	0.0	0.0	0.02	0.0	0.04	0.0	0.0	0.12	0.0	0.0	0.02	0.37	0.0	78.68	nuSVR
SRR13990645	0.0	0.51	0.04	1.11	18.89	0.91	0.0	0.38	0.0	0.0	2.29	0.0	0.0	0.85	38.99	0.62	0.0	0.0	0.0	0.0	0.04	0.0	0.0	0.26	0.0	0.0	0.24	0.45	0.0	34.39	nuSVR
SRR13990665	0.0	0.24	0.0	1.46	17.74	0.25	0.0	0.21	2.47	0.0	2.1	0.18	0.08	0.4	35.47	0.28	0.0	0.0	0.0	0.0	0.21	0.0	0.0	0.12	0.0	0.0	0.12	0.4	0.0	38.27	nuSVR
SRR13990676	0.0	0.01	0.0	0.83	5.9	1.26	0.0	0.0	10.05	0.0	0.0	0.0	0.0	0.07	10.94	0.13	0.43	0.0	0.04	0.01	0.0	0.0	0.0	0.12	0.0	1.16	0.0	0.16	0.0	68.89	nuSVR
SRR13990695	0.0	0.02	0.0	0.56	6.65	0.93	0.0	0.03	8.33	0.0	0.0	0.09	0.01	0.04	8.05	0.2	0.13	0.0	0.01	0.0	0.0	0.0	0.03	0.18	0.0	8.33	0.01	0.1	0.0	66.29	nuSVR
SRR13990698	0.21	0.01	0.0	0.19	4.62	0.0	0.0	0.0	1.74	0.0	0.2	0.08	0.0	0.03	10.94	0.13	0.0	0.0	0.01	0.0	0.01	0.0	0.0	0.16	0.0	0.0	0.01	0.17	0.0	81.5	nuSVR
SRR13990703	0.0	0.02	0.17	0.02	6.99	0.48	0.0	0.0	2.24	0.0	0.3	0.1	0.01	0.04	14.08	0.38	0.0	0.0	0.02	0.0	0.02	0.0	0.0	0.05	0.0	0.0	0.01	0.21	0.0	74.87	nuSVR
SRR13990709	0.08	0.06	0.0	0.47	7.58	0.29	0.0	0.07	1.52	0.0	0.98	0.19	0.0	0.11	14.22	0.11	0.0	0.0	0.03	0.0	0.05	0.0	0.0	0.12	0.0	0.0	0.03	0.4	0.0	73.7	nuSVR
SRR13990728	0.02	0.02	0.02	0.48	7.33	0.25	0.0	0.0	3.12	0.0	0.01	0.11	0.01	0.04	12.23	0.16	0.0	0.0	0.01	0.0	0.01	0.0	0.0	0.2	0.0	0.01	0.01	0.15	0.0	75.83	nuSVR
SRR13990739	0.0	0.01	0.02	0.25	4.88	0.21	0.0	0.0	2.61	0.19	0.0	0.0	0.0	0.03	5.65	0.21	0.02	0.0	0.02	0.0	0.0	0.0	0.01	0.12	0.0	0.0	0.01	0.05	0.0	85.73	nuSVR
SRR13990758	0.08	0.06	0.0	1.36	7.1	0.3	0.0	0.09	4.28	0.0	0.8	0.26	0.02	0.06	13.31	0.38	0.05	0.0	0.07	0.02	0.04	0.0	0.0	0.09	0.0	0.0	0.03	0.37	0.0	71.23	nuSVR
SRR13990762	0.0	0.02	0.0	0.79	7.92	0.28	0.0	0.1	9.05	0.0	0.0	0.27	0.01	0.02	9.72	0.19	0.07	0.0	0.01	0.0	0.01	0.0	0.03	0.13	0.0	6.45	0.01	0.11	0.0	64.81	nuSVR
SRR13990778	0.0	0.01	0.6	0.0	1.44	0.69	0.0	0.0	0.61	0.0	0.19	0.0	0.0	0.0	5.29	0.06	0.0	0.0	0.0	0.0	0.0	0.0	0.0	0.08	0.0	0.0	0.0	0.08	0.0	90.94	nuSVR
SRR13990780	0.0	0.03	0.0	0.73	0.66	2.62	0.0	0.25	13.49	0.07	0.0	0.0	0.02	0.0	0.98	3.41	0.62	0.0	0.06	0.05	0.0	0.0	0.01	0.14	0.23	4.08	0.0	0.03	0.07	72.46	nuSVR
SRR13990781	0.0	0.08	0.0	0.53	5.4	1.14	0.0	0.22	6.91	0.68	0.0	0.0	0.04	0.0	8.27	0.6	0.14	0.0	0.1	0.14	0.0	0.0	0.11	0.04	0.46	0.0	0.03	0.13	0.0	74.99	nuSVR
SRR13990789	0.0	0.02	0.1	0.16	4.89	0.5	0.0	0.0	1.84	0.0	0.23	0.16	0.0	0.02	9.74	0.19	0.0	0.0	0.0	0.0	0.01	0.0	0.0	0.17	0.0	0.0	0.01	0.16	0.01	81.79	nuSVR
SRR13990791	0.0	0.07	0.0	0.27	7.88	1.03	0.0	0.1	8.09	0.24	0.26	0.22	0.04	0.11	17.16	0.08	0.07	0.0	0.06	0.0	0.0	0.0	0.0	0.03	0.0	1.07	0.03	0.22	0.0	62.97	nuSVR
SRR13990792	0.0	0.06	0.0	1.07	8.94	1.08	0.0	0.0	6.99	0.17	0.54	0.0	0.04	0.1	15.29	0.04	0.06	0.0	0.05	0.0	0.02	0.0	0.0	0.03	0.0	0.55	0.03	0.11	0.0	64.85	nuSVR
SRR13990797	0.0	0.03	0.0	0.52	7.06	0.45	0.0	0.0	11.24	0.0	0.0	0.64	0.02	0.01	8.04	1.05	1.07	0.0	0.01	0.0	0.0	0.0	0.04	0.11	0.18	10.14	0.0	0.16	0.0	59.22	nuSVR
SRR13990798	0.13	0.0	0.0	1.14	10.31	0.14	0.0	0.07	5.9	0.0	0.0	0.52	0.04	0.09	17.78	0.23	0.11	0.0	0.05	0.0	0.0	0.0	0.01	0.2	0.0	2.89	0.03	0.21	0.0	60.17	nuSVR
SRR13990800	0.0	0.1	0.11	0.42	7.16	0.91	0.0	0.03	1.23	0.0	1.82	0.0	0.0	0.17	14.01	0.14	0.0	0.0	0.07	0.0	0.08	0.0	0.0	0.14	0.0	0.0	0.05	0.57	0.0	72.99	nuSVR
SRR13990814	0.0	0.11	0.12	0.91	9.16	1.07	0.0	0.0	3.27	0.09	1.37	0.0	0.01	0.2	19.14	0.09	0.0	0.0	0.06	0.0	0.02	0.0	0.0	0.1	0.0	0.0	0.05	0.58	0.0	63.62	nuSVR
SRR13990815	0.0	0.02	0.0	0.4	1.62	1.74	0.0	0.2	6.64	0.0	0.05	0.34	0.01	0.0	1.34	2.05	0.7	0.0	0.02	0.02	0.0	0.0	0.0	0.09	0.07	2.13	0.0	0.05	0.02	82.46	nuSVR
SRR13990816	0.0	0.2	0.12	0.62	11.97	1.29	0.0	0.08	1.68	0.0	2.95	0.0	0.0	0.36	22.48	0.21	0.0	0.0	0.0	0.0	0.12	0.0	0.0	0.11	0.0	0.0	0.1	0.66	0.0	57.03	nuSVR
SRR13990822	0.06	0.03	0.06	0.13	3.58	0.39	0.0	0.0	1.64	0.0	0.23	0.0	0.0	0.0	6.95	0.8	0.0	0.0	0.0	0.0	0.0	0.0	0.0	0.11	0.0	0.0	0.0	0.04	0.0	85.97	nuSVR
SRR13990823	0.0	0.04	0.19	0.0	3.36	1.11	0.0	0.0	1.44	0.0	0.18	0.09	0.0	0.02	6.38	0.89	0.0	0.0	0.01	0.01	0.0	0.0	0.0	0.09	0.0	0.0	0.0	0.05	0.0	86.13	nuSVR
SRR13990827	0.0	0.21	0.0	2.15	13.53	1.14	0.0	0.29	4.53	0.0	2.42	0.0	0.12	0.36	30.25	1.1	0.0	0.0	0.0	0.0	0.0	0.0	0.0	0.24	0.0	0.0	0.1	0.98	0.0	42.59	nuSVR
SRR13990837	0.0	0.05	0.45	0.0	0.73	1.85	0.12	0.0	3.89	1.9	0.0	0.0	0.02	0.0	0.0	0.14	0.72	0.0	0.04	0.11	0.02	0.0	0.0	0.15	0.0	0.0	0.02	0.04	0.16	89.58	nuSVR
SRR13990838	0.0	0.38	0.0	3.53	17.83	3.39	0.0	0.34	2.99	0.0	3.47	0.0	0.21	0.41	31.58	1.35	0.0	0.0	0.05	0.0	0.0	0.0	0.0	0.17	0.0	0.15	0.17	1.25	0.0	32.74	nuSVR
SRR13990839	0.0	0.06	0.0	1.3	10.56	0.53	0.0	0.07	6.05	0.0	0.0	0.38	0.04	0.06	15.11	0.27	0.07	0.0	0.05	0.04	0.0	0.0	0.0	0.03	0.0	3.33	0.03	0.11	0.0	61.91	nuSVR
SRR13990840	0.0	0.01	0.3	0.36	7.88	0.6	0.0	0.0	3.39	0.09	0.0	0.05	0.0	0.0	12.11	0.13	0.0	0.0	0.01	0.0	0.0	0.0	0.0	0.0	0.0	0.0	0.0	0.07	0.06	74.92	nuSVR
SRR13990846	0.0	0.22	0.13	1.34	14.24	2.81	0.0	0.01	4.0	0.0	2.32	0.0	0.0	0.27	27.71	0.53	0.0	0.0	0.07	0.0	0.0	0.0	0.0	0.12	0.0	0.0	0.1	0.88	0.0	45.24	nuSVR
SRR13990847	0.0	0.22	0.21	1.39	13.32	2.32	0.0	0.09	3.16	0.0	2.29	0.0	0.12	0.3	28.7	0.45	0.0	0.0	0.04	0.0	0.16	0.0	0.0	0.03	0.0	0.0	0.11	0.76	0.0	46.34	nuSVR
SRR13990850	0.0	0.02	0.26	0.57	2.79	0.92	0.0	0.02	6.84	0.13	0.0	0.0	0.0	0.0	6.99	0.05	0.0	0.02	0.04	0.03	0.0	0.0	0.0	0.15	0.0	0.52	0.0	0.12	0.0	80.55	nuSVR
SRR13990853	0.0	0.33	0.0	3.13	14.34	1.79	0.0	0.1	2.58	0.0	3.25	0.0	0.19	0.24	28.72	0.0	0.0	0.0	0.0	0.0	0.0	0.0	0.0	0.27	0.0	0.0	0.15	1.09	0.0	43.81	nuSVR
SRR13990854	0.0	0.43	0.0	2.78	18.31	1.06	0.0	0.36	0.62	0.0	3.11	0.25	0.24	0.73	40.81	0.0	0.0	0.0	0.0	0.0	0.35	0.0	0.0	0.22	0.0	0.12	0.2	0.69	0.0	29.72	nuSVR
SRR13990858	0.0	0.11	0.0	0.49	5.02	1.67	0.0	0.14	5.08	0.06	0.2	0.22	0.0	0.0	9.59	1.45	0.29	0.0	0.01	0.0	0.0	0.0	0.0	0.13	0.0	0.42	0.0	0.08	0.0	75.01	nuSVR
SRR13990860	0.0	0.23	0.33	1.94	11.13	1.27	0.0	0.0	2.35	0.0	2.45	0.0	0.12	0.0	12.4	0.44	0.23	0.0	0.16	0.0	0.18	0.0	0.15	0.14	0.0	0.0	0.1	0.35	0.0	66.01	nuSVR
SRR13990861	0.0	0.25	0.0	2.1	22.11	1.36	0.0	0.06	2.75	0.0	2.2	0.19	0.15	0.43	33.59	0.38	0.0	0.0	0.0	0.0	0.06	0.0	0.0	0.15	0.0	0.0	0.12	0.77	0.0	33.32	nuSVR
SRR13990862	0.0	0.42	0.0	3.03	20.32	2.77	0.0	0.17	3.02	0.0	3.28	0.0	0.23	0.44	35.81	1.02	0.0	0.0	0.22	0.0	0.0	0.0	0.0	0.21	0.0	0.0	0.19	1.21	0.0	27.66	nuSVR
SRR13990863	0.0	0.51	0.0	3.79	27.45	2.09	0.0	0.35	0.61	0.0	3.05	0.21	0.28	0.86	42.52	0.74	0.0	0.0	0.0	0.0	0.14	0.0	0.0	0.27	0.0	0.6	0.24	0.46	0.0	15.84	nuSVR
SRR13990866	0.0	0.22	0.0	1.27	13.84	1.35	0.0	0.11	2.03	0.0	2.97	0.0	0.0	0.38	29.44	0.73	0.0	0.0	0.0	0.0	0.18	0.0	0.0	0.14	0.0	0.0	0.1	0.73	0.0	46.49	nuSVR
SRR13990867	0.4	0.08	0.0	0.56	5.15	0.38	0.0	0.21	2.86	0.0	0.15	0.17	0.0	0.0	11.86	0.68	0.15	0.0	0.0	0.03	0.01	0.0	0.0	0.2	0.0	0.0	0.0	0.09	0.0	77.02	nuSVR
SRR13990868	0.08	0.09	0.0	1.78	6.76	0.46	0.0	0.06	3.54	0.0	0.57	0.31	0.06	0.19	19.2	0.63	0.0	0.0	0.0	0.0	0.0	0.0	0.0	0.15	0.0	0.0	0.05	0.31	0.0	65.76	nuSVR
SRR13990870	0.15	0.02	0.0	0.04	3.21	0.29	0.0	0.01	1.1	0.04	0.26	0.11	0.0	0.0	9.04	0.76	0.0	0.0	0.0	0.0	0.0	0.0	0.0	0.07	0.0	0.0	0.0	0.07	0.0	84.81	nuSVR
SRR13990871	0.0	0.16	0.01	0.38	15.9	0.61	0.0	0.1	0.74	0.0	1.63	0.0	0.0	0.32	26.2	0.64	0.0	0.0	0.0	0.0	0.14	0.0	0.0	0.08	0.0	0.0	0.08	0.57	0.0	52.45	nuSVR
SRR13990874	0.0	0.17	0.0	1.61	10.66	0.93	0.0	0.06	4.22	0.0	1.76	0.0	0.11	0.15	23.57	0.21	0.0	0.0	0.13	0.0	0.0	0.0	0.0	0.17	0.0	0.0	0.08	0.7	0.0	55.48	nuSVR
SRR13990875	0.0	0.42	0.0	2.81	18.06	0.88	0.0	0.33	0.33	0.0	2.56	0.07	0.24	0.72	40.62	0.55	0.0	0.0	0.0	0.0	0.02	0.0	0.0	0.0	0.0	0.09	0.2	0.68	0.0	31.43	nuSVR
SRR13990878	0.0	0.0	0.0	1.19	9.02	0.48	0.0	0.16	6.49	0.0	0.0	0.25	0.04	0.04	13.81	0.34	0.07	0.0	0.06	0.0	0.0	0.0	0.0	0.09	0.21	3.66	0.03	0.12	0.0	63.93	nuSVR
SRR13990879	0.48	0.02	0.0	0.52	4.7	0.01	0.0	0.11	6.92	0.0	0.0	0.2	0.01	0.01	8.24	0.63	0.14	0.0	0.02	0.0	0.0	0.01	0.03	0.01	0.03	3.45	0.01	0.11	0.04	74.3	nuSVR
SRR13990892	0.0	0.04	0.0	0.47	5.18	0.43	0.0	0.11	1.64	0.0	0.68	0.32	0.0	0.07	10.64	0.49	0.0	0.0	0.02	0.0	0.03	0.0	0.0	0.1	0.0	0.0	0.02	0.32	0.0	79.43	nuSVR
SRR13990903	0.0	0.11	0.0	0.34	6.95	0.84	0.0	0.07	0.76	0.0	1.96	0.05	0.0	0.18	12.97	0.33	0.0	0.0	0.0	0.0	0.09	0.0	0.0	0.13	0.0	0.0	0.05	0.52	0.0	74.66	nuSVR
SRR13990904	0.0	0.0	0.0	1.48	10.48	0.62	0.0	0.05	4.28	0.0	0.0	0.15	0.06	0.14	18.79	0.26	0.11	0.0	0.03	0.0	0.0	0.0	0.0	0.06	0.0	1.8	0.05	0.18	0.0	61.47	nuSVR
SRR13990916	0.44	0.07	0.0	0.56	5.53	0.85	0.0	0.31	4.46	0.0	0.0	0.48	0.01	0.02	11.74	5.38	0.52	0.0	0.04	0.09	0.01	0.0	0.0	0.21	0.0	0.0	0.0	0.14	0.0	69.12	nuSVR
SRR13990917	0.67	0.1	0.0	0.41	5.15	0.34	0.0	0.22	3.74	0.0	0.0	0.23	0.0	0.0	15.05	2.98	0.0	0.0	0.03	0.06	0.0	0.0	0.0	0.17	0.0	0.0	0.0	0.08	0.0	70.77	nuSVR
SRR13990923	0.0	0.02	0.0	0.01	4.52	0.48	0.0	0.0	4.49	0.0	0.05	0.25	0.0	0.02	6.99	0.09	0.15	0.0	0.01	0.03	0.0	0.0	0.0	0.14	0.0	0.08	0.0	0.12	0.0	82.56	nuSVR
SRR13990932	0.0	0.0	0.0	1.07	9.44	0.77	0.0	0.12	3.07	0.0	1.21	0.01	0.06	0.16	20.48	0.1	0.0	0.0	0.0	0.0	0.09	0.0	0.0	0.06	0.0	0.0	0.05	0.18	0.0	63.14	nuSVR
SRR13990946	0.0	0.1	0.1	0.94	8.83	0.91	0.0	0.0	2.64	0.0	1.68	0.0	0.06	0.17	18.65	0.15	0.0	0.0	0.06	0.0	0.08	0.0	0.0	0.09	0.0	0.0	0.05	0.58	0.0	64.9	nuSVR
SRR13990950	0.0	0.05	0.26	0.0	4.52	1.3	0.0	0.01	4.29	0.05	0.02	0.65	0.0	0.01	12.46	1.62	0.11	0.0	0.01	0.0	0.01	0.0	0.0	0.29	0.0	0.0	0.01	0.12	0.02	74.2	nuSVR
SRR13990951	0.0	0.11	0.43	0.46	8.47	1.39	0.0	0.25	1.78	0.0	1.87	0.0	0.0	0.19	16.47	1.0	0.0	0.0	0.07	0.0	0.09	0.0	0.0	0.26	0.0	0.0	0.05	0.53	0.0	66.57	nuSVR
SRR13990991	0.1	0.05	0.0	0.87	5.49	0.47	0.0	0.09	3.17	0.0	0.44	0.18	0.03	0.07	10.21	0.31	0.0	0.0	0.02	0.0	0.0	0.0	0.0	0.18	0.0	0.0	0.02	0.36	0.0	77.95	nuSVR
SRR13990992	0.0	0.06	0.0	0.57	7.68	0.47	0.0	0.07	2.66	0.0	0.44	0.0	0.0	0.1	14.37	0.3	0.0	0.0	0.04	0.0	0.0	0.0	0.0	0.09	0.0	0.0	0.03	0.45	0.0	72.69	nuSVR
SRR13990993	0.0	0.33	0.7	2.03	16.49	2.29	0.0	0.0	8.24	0.24	0.76	0.0	0.2	0.21	18.84	0.13	0.33	0.0	0.22	0.0	0.0	0.0	0.0	0.27	0.06	0.0	0.14	0.51	0.0	48.0	nuSVR
SRR13990994	0.0	0.29	0.0	2.66	27.08	0.96	0.0	0.15	3.35	0.0	2.47	0.51	0.17	0.65	40.59	0.31	0.0	0.0	0.0	0.0	0.24	0.0	0.0	0.17	0.0	0.15	0.14	1.01	0.0	19.09	nuSVR
SRR13991026	0.18	0.02	0.0	0.46	7.52	0.21	0.0	0.07	2.3	0.0	0.08	0.24	0.0	0.03	12.52	0.25	0.0	0.0	0.01	0.0	0.01	0.0	0.0	0.03	0.0	0.0	0.01	0.18	0.0	75.88	nuSVR
SRR13991032	0.0	0.09	0.0	0.73	3.76	2.25	0.0	1.33	7.43	0.0	0.0	0.0	0.0	0.0	12.98	22.6	0.01	0.0	0.04	0.17	0.0	0.0	0.0	0.14	0.13	0.58	0.0	0.11	0.0	47.64	nuSVR
SRR13991033	0.0	0.15	0.0	0.08	3.48	0.9	0.0	1.14	5.16	0.0	0.0	0.52	0.0	0.01	16.04	21.3	0.19	0.0	0.0	0.01	0.0	0.0	0.0	0.04	0.04	0.0	0.0	0.09	0.0	50.84	nuSVR
SRR13991044	0.0	0.07	0.18	0.12	1.08	0.73	0.0	0.0	2.89	0.0	0.01	0.13	0.0	0.0	1.21	0.29	0.21	0.0	0.0	0.03	0.0	0.0	0.0	0.03	0.0	0.0	0.0	0.07	0.0	92.95	nuSVR
SRR13991045	0.0	0.03	0.07	0.05	0.75	0.73	0.0	0.01	2.82	0.22	0.0	0.0	0.0	0.0	0.9	0.49	0.29	0.0	0.0	0.02	0.0	0.0	0.0	0.02	0.0	0.0	0.0	0.06	0.01	93.55	nuSVR
SRR13991056	0.3	0.06	0.0	1.26	10.54	0.18	0.0	0.37	6.3	0.0	0.0	0.21	0.04	0.09	18.06	2.25	0.08	0.0	0.04	0.0	0.0	0.0	0.09	0.08	0.0	1.08	0.03	0.33	0.01	58.6	nuSVR
SRR13991057	0.08	0.15	0.0	2.4	10.57	0.48	0.0	0.27	3.29	0.0	1.49	0.17	0.1	0.27	23.24	0.43	0.0	0.0	0.0	0.0	0.0	0.0	0.0	0.18	0.0	0.0	0.07	0.67	0.0	56.14	nuSVR
SRR13991060	0.0	0.28	0.0	1.26	21.45	0.78	0.0	0.31	1.93	0.0	1.82	0.23	0.0	0.48	40.14	0.77	0.0	0.0	0.0	0.0	0.07	0.0	0.0	0.12	0.0	0.0	0.13	0.46	0.0	29.75	nuSVR
SRR13991061	0.0	0.32	0.0	1.53	26.15	0.45	0.0	0.3	1.39	0.0	2.12	0.05	0.0	0.54	41.25	0.75	0.0	0.0	0.0	0.0	0.24	0.0	0.0	0.03	0.0	0.0	0.15	0.51	0.0	24.19	nuSVR
SRR13991062	0.0	0.0	0.0	1.3	5.06	1.22	0.0	0.08	10.18	0.15	0.0	0.11	0.05	0.01	5.99	0.6	0.86	0.0	0.06	0.28	0.0	0.0	0.08	0.07	0.45	5.71	0.03	0.08	0.0	67.61	nuSVR
SRR13991071	0.22	0.05	0.0	0.24	5.1	0.0	0.0	0.07	2.5	0.04	0.12	0.0	0.0	0.01	10.08	0.1	0.0	0.0	0.0	0.0	0.0	0.0	0.0	0.07	0.0	0.0	0.0	0.06	0.01	81.32	nuSVR
SRR13991072	0.0	0.03	0.0	0.0	7.61	0.45	0.07	0.2	1.85	0.24	0.43	0.01	0.0	0.09	14.44	0.17	0.0	0.0	0.03	0.0	0.03	0.0	0.0	0.08	0.0	0.0	0.04	0.09	0.0	74.14	nuSVR
SRR13991075	0.0	0.06	0.0	0.04	4.01	2.31	0.0	0.77	6.64	0.0	0.02	0.19	0.0	0.0	6.99	4.13	0.45	0.0	0.05	0.14	0.0	0.0	0.0	0.06	0.0	0.09	0.0	0.11	0.01	73.95	nuSVR
SRR13991076	0.0	0.03	0.09	0.08	3.11	2.49	0.0	0.67	6.42	0.0	0.0	0.15	0.0	0.0	4.2	4.37	0.38	0.0	0.01	0.0	0.0	0.0	0.01	0.12	0.01	0.0	0.0	0.05	0.01	77.81	nuSVR
SRR13991080	0.0	0.0	0.0	0.96	7.55	0.89	0.0	0.0	9.53	0.0	0.0	0.11	0.06	0.08	8.59	0.44	0.72	0.0	0.07	0.0	0.0	0.0	0.14	0.13	0.31	4.49	0.04	0.17	0.0	65.72	nuSVR
SRR13991090	0.0	0.09	1.25	0.0	2.35	1.96	0.0	0.0	1.35	0.93	1.58	0.0	0.06	0.13	2.67	0.17	0.0	0.03	0.05	0.14	0.06	0.0	0.11	0.0	0.0	0.0	0.04	0.13	0.04	86.84	nuSVR
SRR13991092	0.0	0.18	0.0	0.62	11.27	1.35	0.0	0.05	1.64	0.0	2.53	0.25	0.11	0.31	21.97	0.19	0.0	0.0	0.03	0.0	0.15	0.0	0.01	0.06	0.0	0.0	0.09	0.68	0.0	58.49	nuSVR
SRR13991093	0.0	0.43	0.44	0.2	15.97	1.58	0.0	0.18	0.26	0.03	2.56	0.0	0.0	0.73	29.93	0.55	0.0	0.0	0.0	0.0	0.02	0.0	0.0	0.22	0.0	0.0	0.2	0.68	0.0	46.02	nuSVR
SRR13991107	0.0	0.04	0.46	0.0	0.24	0.44	0.06	0.0	2.53	0.42	0.3	0.0	0.02	0.03	0.0	0.09	0.28	0.0	0.02	0.25	0.0	0.0	0.0	0.17	0.0	0.0	0.02	0.03	0.02	94.6	nuSVR
SRR13991108	0.0	0.05	0.43	0.29	1.23	0.94	0.0	0.0	2.9	0.0	0.0	0.0	0.0	0.0	2.02	0.2	0.04	0.0	0.0	0.05	0.01	0.0	0.0	0.12	0.0	0.0	0.0	0.05	0.0	91.67	nuSVR
SRR13991109	0.0	0.05	0.0	0.43	5.75	0.67	0.0	0.0	5.24	0.0	0.09	0.1	0.03	0.07	14.04	0.13	0.39	0.0	0.05	0.0	0.01	0.0	0.0	0.14	0.0	0.0	0.04	0.22	0.0	72.53	nuSVR
SRR13991110	0.0	0.0	0.0	0.2	5.68	0.44	0.0	0.0	5.54	0.06	0.04	0.0	0.0	0.0	5.57	0.1	0.42	0.0	0.0	0.0	0.0	0.0	0.0	0.09	0.0	0.0	0.0	0.03	0.0	81.83	nuSVR
SRR13991090	0.0	0.0	0.29	0.0	0.0	0.11	0.55	0.0	3.48	0.0	0.0	0.0	7.25	0.0	0.0	0.0	0.0	0.0	0.0	1.7	0.0	0.0	0.13	0.0	0.0	1.96	0.0	0.18	0.0	84.35	QP
SRR13990878	0.0	0.0	0.0	0.0	8.94	0.26	0.0	0.0	5.46	0.0	1.77	0.0	0.0	0.0	7.4	0.0	0.32	0.0	0.0	0.0	0.0	0.0	4.36	0.0	0.0	6.22	0.0	0.0	0.0	65.26	QP
SRR13990839	0.0	0.0	0.0	0.0	10.61	0.0	0.0	0.0	4.34	0.0	5.69	0.0	0.0	0.0	11.83	0.0	0.0	0.0	0.0	0.0	0.0	0.0	2.71	0.0	0.22	2.96	0.0	0.0	0.0	61.63	QP
SRR13991062	0.0	0.0	3.85	4.11	0.0	0.0	0.0	0.0	11.69	0.0	0.0	0.0	3.29	0.0	0.0	3.48	3.97	0.0	0.0	4.86	0.0	0.0	0.0	0.0	0.0	10.74	0.0	0.0	0.0	54.02	QP
SRR13990797	0.0	0.0	0.0	4.36	4.22	2.58	0.0	0.0	11.04	0.0	0.0	0.0	0.0	0.0	0.0	2.15	3.74	0.0	0.0	0.84	0.0	0.0	2.47	0.0	0.0	8.97	0.0	1.5	0.0	58.12	QP
SRR13990676	0.0	0.0	0.0	0.0	6.89	1.86	0.0	0.0	8.28	0.0	3.87	0.0	0.0	0.0	5.72	0.0	0.0	0.0	0.0	0.0	0.0	0.0	3.21	0.0	0.01	0.0	0.0	0.0	0.0	70.17	QP
SRR13991032	0.0	0.0	0.0	0.0	0.0	0.0	0.0	0.0	1.18	0.0	0.58	0.0	0.0	0.0	0.0	61.54	0.0	0.0	0.0	0.0	0.0	0.0	0.0	0.0	0.0	0.0	0.0	0.0	0.0	36.7	QP
SRR13990778	0.0	0.0	0.0	0.0	2.41	0.0	0.0	0.0	0.0	0.0	0.0	0.0	4.32	0.0	3.14	0.0	0.0	0.0	0.0	0.0	0.0	0.0	0.33	0.0	0.0	0.69	0.0	0.0	0.0	89.12	QP
SRR13990695	0.0	0.0	0.0	2.89	9.11	1.76	0.0	0.0	8.85	0.0	0.0	0.0	0.0	0.0	0.0	0.0	0.79	0.0	0.0	2.19	0.0	0.0	1.98	0.0	0.0	7.51	0.0	0.0	0.0	64.91	QP
SRR13990850	0.0	0.0	0.0	0.0	1.29	0.0	0.0	0.0	8.2	0.0	0.0	0.0	3.74	0.0	5.42	0.0	0.0	0.0	0.0	0.0	0.0	0.0	0.12	0.0	0.0	2.08	0.0	0.0	0.0	79.15	QP
SRR13990858	0.0	0.0	0.0	0.0	4.39	1.31	0.0	0.0	1.54	0.0	1.74	0.0	0.0	0.0	5.75	3.02	0.0	0.0	0.0	0.0	0.0	0.0	0.73	0.0	1.45	0.0	0.0	0.0	0.0	80.06	QP
SRR13990904	0.0	0.0	0.0	0.0	17.22	0.0	0.0	0.0	0.72	0.0	0.98	0.0	0.0	0.0	18.59	0.0	0.0	0.0	0.0	0.0	0.0	0.0	0.0	0.0	0.82	1.82	0.0	0.0	0.0	59.85	QP
SRR13991080	0.0	0.0	0.0	4.61	2.41	1.19	0.0	0.0	9.86	0.0	0.0	0.0	0.75	0.0	0.0	1.99	3.55	0.0	0.0	2.28	0.0	0.0	1.44	0.0	0.0	9.28	0.0	1.41	0.0	61.24	QP
SRR13990868	0.0	0.0	0.0	0.0	12.44	0.0	0.0	0.0	0.0	0.0	0.0	0.0	0.0	0.0	20.8	0.0	0.0	0.0	0.0	0.0	0.0	0.0	0.0	0.0	0.0	0.0	0.0	0.0	0.0	66.76	QP
SRR13990814	0.0	0.0	0.0	0.0	16.25	0.0	0.0	0.0	0.0	0.0	4.78	0.0	0.0	0.0	11.97	0.0	0.0	0.0	0.0	0.0	0.0	0.0	1.4	0.0	0.0	0.0	0.0	0.97	0.0	64.63	QP
SRR13990762	0.0	0.0	0.0	1.63	11.75	2.39	0.0	0.0	7.51	0.0	0.0	0.0	0.0	0.0	0.0	0.0	0.32	0.0	0.0	0.26	0.0	0.0	2.64	0.0	0.0	7.1	0.0	0.0	0.0	66.39	QP
SRR13990629	0.0	0.0	0.0	0.0	7.95	0.0	0.0	0.0	0.0	0.0	3.25	0.0	0.0	0.0	5.29	0.0	0.0	0.0	0.0	0.0	0.0	0.0	0.32	0.0	0.0	0.0	0.0	0.0	0.0	83.18	QP
SRR13990728	0.0	0.0	0.0	0.0	16.01	0.0	0.0	0.0	0.0	0.0	1.29	0.0	0.0	0.0	6.11	0.0	0.0	0.0	0.0	0.0	0.0	0.0	0.0	0.0	0.0	0.0	0.0	0.0	0.0	76.58	QP
SRR13990932	0.0	0.0	0.0	0.0	16.23	0.0	0.0	0.0	0.0	0.0	0.0	0.0	0.0	0.0	20.76	0.0	0.0	0.0	0.0	0.0	0.0	0.0	0.0	0.0	0.0	0.0	0.0	0.0	0.0	63.02	QP
SRR13990879	0.0	0.0	0.0	1.09	4.99	0.93	0.0	0.0	5.35	0.0	0.0	0.0	0.0	0.0	2.94	0.0	0.88	0.0	0.0	0.0	0.0	0.0	3.53	0.0	0.0	6.55	0.0	0.0	0.0	73.74	QP
SRR13990816	0.0	0.0	0.0	0.0	17.86	0.0	0.0	0.0	0.0	0.0	0.0	0.0	0.0	0.0	21.31	0.0	0.0	0.0	0.0	0.0	0.0	0.0	0.0	0.0	0.0	0.0	0.0	0.0	0.0	60.83	QP
SRR13990798	0.0	0.0	0.0	0.0	10.49	0.0	0.0	0.0	2.97	0.0	1.27	0.0	0.0	0.0	18.99	0.0	0.0	0.0	0.0	0.0	0.0	0.0	1.69	0.0	0.04	3.86	0.0	0.0	0.0	60.69	QP
SRR13990892	0.0	0.0	0.0	0.0	9.89	0.0	0.0	0.0	0.0	0.0	0.0	0.0	0.0	0.0	12.65	0.0	0.0	0.0	0.0	0.0	0.0	0.0	0.0	0.0	0.0	0.0	0.0	0.0	0.0	77.46	QP
SRR13990827	0.0	0.0	0.0	0.0	20.79	0.0	0.0	0.0	1.65	0.0	6.85	0.0	0.0	0.0	22.89	2.89	0.0	0.0	0.0	0.0	0.0	0.0	0.34	0.0	0.0	0.0	0.0	0.0	0.0	44.58	QP
SRR13990815	0.0	0.0	0.59	2.47	0.0	1.8	0.0	0.0	4.38	0.0	0.0	0.0	0.0	0.0	0.0	5.78	0.09	0.0	0.0	2.4	0.0	0.0	0.0	0.0	0.0	0.08	0.0	0.0	0.0	82.41	QP
SRR13990739	0.0	0.0	0.0	0.0	7.49	1.39	0.0	0.0	0.06	0.0	1.51	0.0	0.0	0.0	0.0	0.0	0.0	0.0	0.0	0.0	0.0	0.0	1.19	0.0	0.0	0.0	0.0	0.0	0.0	88.36	QP
SRR13991056	0.0	0.0	0.0	0.0	12.27	1.06	0.0	0.0	4.98	0.0	4.49	0.0	0.0	0.0	9.97	0.0	0.0	0.0	0.0	0.0	0.0	0.0	3.99	0.0	0.0	2.89	0.0	1.34	0.0	59.01	QP
SRR13990923	0.0	0.0	0.0	0.0	4.28	1.37	0.0	0.0	2.06	0.0	4.43	0.0	0.0	0.0	0.0	0.0	0.0	0.0	0.0	0.06	0.0	0.0	2.43	0.0	0.0	0.0	0.0	0.0	0.0	85.38	QP
SRR13990645	0.0	0.0	0.0	0.0	36.95	0.0	0.0	0.0	0.0	0.0	0.0	0.0	0.0	0.0	34.57	0.0	0.0	0.0	0.0	0.0	0.0	0.0	0.0	0.0	0.0	0.0	0.0	0.0	0.0	28.47	QP
SRR13990637	0.0	0.0	0.0	0.0	11.23	0.0	0.0	0.0	0.0	0.0	0.81	0.0	0.0	0.0	10.31	0.0	0.0	0.0	0.0	0.0	0.0	0.0	0.0	0.0	0.0	0.0	0.0	0.0	0.0	77.65	QP
SRR13990994	0.0	0.0	0.0	0.0	57.5	0.0	0.0	0.0	0.0	0.0	0.55	0.0	0.0	0.0	25.89	0.0	0.0	0.0	0.0	0.0	0.0	0.0	0.0	0.0	0.0	0.0	0.0	0.0	0.0	16.07	QP
SRR13990838	0.0	0.0	0.0	0.0	26.83	0.0	0.0	0.0	0.0	0.0	1.91	0.0	0.0	0.0	35.05	0.0	0.0	0.0	0.0	0.0	0.0	0.0	0.0	0.0	0.0	0.0	0.0	0.0	0.0	36.21	QP
SRR13991033	0.0	0.0	0.0	0.0	0.0	0.0	0.0	0.0	0.0	0.0	0.35	0.0	0.0	0.0	0.19	59.64	0.0	0.0	0.0	0.0	0.0	0.0	0.0	0.0	0.0	0.0	0.0	0.0	0.0	39.81	QP
SRR13990634	0.0	0.0	0.0	0.0	3.04	0.0	0.0	0.0	1.58	0.0	2.86	0.0	0.0	0.0	9.35	0.0	0.0	0.0	0.0	0.0	0.0	0.0	0.4	0.0	0.0	0.0	0.0	0.0	0.0	82.77	QP
SRR13990993	0.0	0.16	2.44	6.08	25.93	3.92	0.0	0.0	10.51	0.0	0.0	0.0	0.0	0.0	0.0	0.0	0.4	0.0	0.0	0.0	0.0	0.0	0.24	0.0	0.0	1.24	0.0	2.19	0.0	46.89	QP
SRR13990916	0.0	0.0	0.0	0.0	0.0	0.0	0.0	0.0	0.0	0.0	2.16	0.0	0.0	0.0	2.17	31.21	0.0	0.0	0.0	0.0	0.0	0.0	0.0	0.0	0.0	0.0	0.0	0.0	0.0	64.46	QP
SRR13990618	0.0	0.0	0.0	0.0	16.16	0.0	0.0	0.0	0.0	0.0	0.0	0.0	0.0	0.0	19.36	0.0	0.0	0.0	0.0	0.0	0.0	0.0	0.0	0.0	0.0	0.0	0.0	0.0	0.0	64.47	QP
SRR13991026	0.0	0.0	0.0	0.0	20.31	0.0	0.0	0.0	0.0	0.0	1.86	0.0	0.0	0.0	1.56	0.0	0.0	0.0	0.0	0.0	0.0	0.0	0.56	0.0	0.0	0.0	0.0	0.0	0.0	75.7	QP
SRR13990863	0.0	0.0	0.0	0.0	57.58	0.0	0.0	0.0	0.0	0.0	0.0	0.0	0.0	0.0	29.6	0.0	0.0	0.0	0.0	0.0	0.0	0.0	0.0	0.0	0.0	0.0	0.0	0.0	0.0	12.82	QP
SRR13990871	0.0	0.0	0.0	0.0	34.96	0.0	0.0	0.0	0.0	0.0	0.0	0.0	0.0	0.0	12.43	0.0	0.0	0.0	0.0	0.0	0.0	0.0	0.0	0.0	0.0	0.0	0.0	0.0	0.0	52.61	QP
SRR13990862	0.0	0.0	0.0	0.0	29.58	0.0	0.0	0.0	0.0	0.0	1.81	0.0	0.0	0.0	40.82	0.0	0.0	0.0	0.0	0.0	0.0	0.0	0.0	0.0	0.0	0.0	0.0	0.0	0.0	27.78	QP
SRR13990665	0.0	0.0	0.0	0.0	42.69	0.0	0.0	0.0	0.0	0.0	0.0	0.0	0.0	0.0	20.12	0.0	0.0	0.0	0.0	0.0	0.0	0.0	0.0	0.0	0.0	0.0	0.0	0.0	0.0	37.19	QP
SRR13990789	0.0	0.0	0.0	0.0	10.81	0.0	0.0	0.0	0.0	0.0	0.01	0.0	0.0	0.0	7.87	0.0	0.0	0.0	0.0	0.0	0.0	0.0	0.0	0.0	0.0	0.0	0.0	0.0	0.0	81.31	QP
SRR13990758	0.0	0.0	0.0	0.0	9.24	0.0	0.0	0.0	2.39	0.0	3.83	0.0	0.0	0.0	10.3	0.0	0.0	0.0	0.0	0.0	0.0	0.0	0.39	0.0	0.0	0.0	0.0	0.0	0.0	73.85	QP
SRR13990866	0.0	0.0	0.0	0.0	21.52	0.0	0.0	0.0	0.0	0.0	0.0	0.0	0.0	0.0	31.93	0.0	0.0	0.0	0.0	0.0	0.0	0.0	0.0	0.0	0.0	0.0	0.0	0.0	0.0	46.55	QP
SRR13990780	0.0	0.0	0.02	4.39	0.0	0.22	0.49	0.0	10.11	0.0	0.0	0.0	0.0	0.0	0.0	5.49	0.31	0.0	0.0	4.44	0.0	0.0	0.0	0.0	0.0	1.27	0.0	0.0	0.0	73.27	QP
SRR13990800	0.0	0.0	0.0	0.0	12.76	0.0	0.0	0.0	0.0	0.0	0.0	0.0	0.0	0.0	19.7	0.0	0.0	0.0	0.0	0.0	0.0	0.0	0.0	0.0	0.0	0.0	0.0	0.0	0.0	67.53	QP
SRR13991057	0.0	0.0	0.0	0.0	18.34	0.0	0.0	0.0	0.0	0.0	1.41	0.0	0.0	0.0	21.61	0.0	0.0	0.0	0.0	0.0	0.0	0.0	0.0	0.0	0.0	0.0	0.0	0.0	0.0	58.64	QP
SRR13990991	0.0	0.0	0.0	0.0	9.99	0.0	0.0	0.0	0.0	0.0	1.56	0.0	0.0	0.0	9.34	0.0	0.0	0.0	0.0	0.0	0.0	0.0	0.0	0.0	0.0	0.0	0.0	0.0	0.0	79.1	QP
SRR13990635	0.0	0.0	0.0	0.0	25.78	0.0	0.0	0.0	0.0	0.0	0.0	0.0	0.0	0.0	18.14	0.0	0.0	0.0	0.0	0.0	0.0	0.0	0.0	0.0	0.0	0.0	0.0	0.0	0.0	56.08	QP
SRR13990636	0.0	0.0	2.72	2.64	0.04	0.0	0.0	0.0	0.99	0.0	0.0	0.0	0.0	0.0	0.0	3.99	0.0	0.0	0.0	1.43	0.0	0.0	0.06	0.0	0.0	0.0	0.0	2.63	0.0	85.49	QP
SRR13990992	0.0	0.0	0.0	0.0	12.88	0.0	0.0	0.0	0.0	0.0	0.0	0.0	0.0	0.0	10.99	0.0	0.0	0.0	0.0	0.0	0.0	0.0	0.0	0.0	0.0	0.0	0.0	0.0	0.0	76.13	QP
SRR13991093	0.0	0.0	0.0	0.0	24.12	0.0	0.0	0.0	0.0	0.0	0.0	0.0	0.0	0.0	27.57	0.0	0.0	0.0	0.0	0.0	0.0	0.0	0.0	0.0	0.0	0.0	0.0	0.0	0.0	48.31	QP
SRR13990903	0.0	0.0	0.0	0.0	12.44	0.0	0.0	0.0	0.0	0.0	0.0	0.0	0.0	0.0	14.99	0.0	0.0	0.0	0.0	0.0	0.0	0.0	0.0	0.0	0.0	0.0	0.0	0.0	0.0	72.57	QP
SRR13990867	0.0	0.0	0.0	0.0	11.26	2.79	0.0	0.0	1.42	0.0	2.75	0.0	0.0	0.0	0.0	1.06	0.0	0.0	0.0	0.0	0.0	0.0	1.52	0.0	0.0	0.0	0.0	0.06	0.0	79.13	QP
SRR13990861	0.0	0.0	0.0	0.0	48.38	0.0	0.0	0.0	0.0	0.0	0.0	0.0	0.0	0.0	19.25	0.0	0.0	0.0	0.0	0.0	0.0	0.0	0.0	0.0	0.0	0.0	0.0	0.0	0.0	32.38	QP
SRR13991044	0.0	0.0	1.07	0.72	0.0	0.0	0.0	0.0	1.45	0.0	0.81	0.0	0.0	0.0	0.0	1.3	0.0	0.0	0.0	0.96	0.0	0.0	0.69	0.0	0.0	0.0	0.0	0.16	0.0	92.84	QP
SRR13990950	0.0	0.0	0.0	0.0	5.09	1.65	0.0	0.0	1.04	0.0	5.14	0.0	0.0	0.0	5.85	0.4	0.0	0.0	0.0	0.0	0.0	0.0	1.72	0.0	0.0	0.0	0.0	0.0	0.0	79.11	QP
SRR13991092	0.0	0.0	0.0	0.0	18.47	0.0	0.0	0.0	0.0	0.0	0.0	0.0	0.0	0.0	20.36	0.0	0.0	0.0	0.0	0.0	0.0	0.0	0.0	0.0	0.0	0.0	0.0	0.0	0.0	61.17	QP
SRR13990917	0.0	0.0	0.0	0.0	4.71	0.0	0.0	0.0	0.0	0.0	0.0	0.0	0.0	0.0	10.31	17.51	0.0	0.0	0.0	0.0	0.0	0.0	0.0	0.0	0.0	0.0	0.0	0.0	0.0	67.47	QP
SRR13991075	0.0	0.0	0.0	0.0	0.0	2.52	0.0	0.0	5.42	0.0	2.77	0.0	0.0	0.0	0.02	8.29	0.0	0.0	0.0	0.24	0.0	0.0	0.29	0.0	2.36	0.0	0.0	0.0	0.0	78.09	QP
SRR13990860	0.0	0.0	1.8	4.07	16.96	2.19	0.0	0.0	2.97	0.0	1.89	0.0	0.0	0.0	0.0	0.82	0.0	0.0	0.0	0.0	0.0	0.0	0.93	0.0	0.0	0.0	0.0	0.7	0.0	67.68	QP
SRR13990870	0.0	0.0	0.0	0.0	8.12	0.0	0.0	0.0	0.0	0.0	0.97	0.0	0.0	0.0	0.0	1.96	0.0	0.0	0.0	0.0	0.0	0.0	0.61	0.0	0.0	0.0	0.0	0.0	0.0	88.34	QP
SRR13990874	0.0	0.0	0.0	0.0	16.73	0.0	0.0	0.0	0.0	0.0	0.0	0.0	0.0	0.0	25.02	0.0	0.0	0.0	0.0	0.0	0.0	0.0	0.0	0.0	0.0	0.0	0.0	0.0	0.0	58.25	QP
SRR13990709	0.0	0.0	0.0	0.0	12.13	0.0	0.0	0.0	0.0	0.0	0.0	0.0	0.0	0.0	13.33	0.0	0.0	0.0	0.0	0.0	0.0	0.0	0.0	0.0	0.0	0.0	0.0	0.0	0.0	74.54	QP
SRR13991076	0.0	0.0	0.0	0.32	0.0	1.3	0.0	0.0	4.78	0.0	2.06	0.0	0.0	0.0	0.0	11.19	0.0	0.0	0.0	0.06	0.0	0.0	0.29	0.0	0.0	0.0	0.0	0.0	0.0	79.99	QP
SRR13990854	0.0	0.0	0.0	0.0	39.19	0.0	0.0	0.0	0.0	0.0	0.0	0.0	0.0	0.0	40.35	0.0	0.0	0.0	0.0	0.0	0.0	0.0	0.0	0.0	0.0	0.0	0.0	0.0	0.0	20.46	QP
SRR13990781	0.0	0.0	0.0	0.0	2.06	3.04	0.0	0.0	6.57	0.0	2.86	0.0	0.0	0.0	1.52	0.21	0.0	0.0	0.0	0.16	0.0	0.0	1.42	0.0	2.15	0.0	0.0	0.0	0.0	80.01	QP
SRR13990875	0.0	0.0	0.0	0.0	35.48	0.0	0.0	0.0	0.0	0.0	0.0	0.0	0.0	0.0	40.98	0.0	0.0	0.0	0.0	0.0	0.0	0.0	0.0	0.0	0.0	0.0	0.0	0.0	0.0	23.54	QP
SRR13990698	0.0	0.0	0.0	0.0	12.73	0.0	0.0	0.0	0.0	0.0	0.0	0.0	0.0	0.0	4.75	0.0	0.0	0.0	0.0	0.0	0.0	0.0	0.0	0.0	0.0	0.0	0.0	0.0	0.0	82.52	QP
SRR13991061	0.0	0.0	0.0	0.0	46.48	0.0	0.0	0.0	0.0	0.0	0.0	0.0	0.0	0.0	33.83	0.0	0.0	0.0	0.0	0.0	0.0	0.0	0.0	0.0	0.0	0.0	0.0	0.0	0.0	19.69	QP
SRR13991107	0.0	0.0	2.29	0.52	0.0	0.0	0.14	0.0	1.18	0.0	0.0	0.0	0.0	0.0	0.0	0.0	0.0	0.0	0.0	1.68	0.0	0.0	0.0	0.22	0.0	0.0	0.0	0.0	0.0	93.97	QP
SRR13990791	0.0	0.0	0.0	0.0	8.05	0.0	0.0	0.0	4.56	0.0	3.58	0.0	0.0	0.0	19.18	0.0	0.0	0.0	0.0	0.0	0.0	0.0	0.0	0.0	0.02	0.0	0.0	0.0	0.0	64.62	QP
SRR13990792	0.0	0.0	0.0	0.0	9.92	0.0	0.0	0.0	1.95	0.0	2.13	0.0	0.0	0.0	20.07	0.0	0.0	0.0	0.0	0.0	0.0	0.0	0.0	0.0	0.0	0.0	0.0	0.0	0.0	65.92	QP
SRR13990946	0.0	0.0	0.0	0.0	13.28	0.0	0.0	0.0	0.0	0.0	0.0	0.0	0.0	0.0	16.8	0.0	0.0	0.0	0.0	0.0	0.0	0.0	0.0	0.0	0.0	0.0	0.0	0.0	0.0	69.92	QP
SRR13990840	0.0	0.0	0.0	0.0	10.68	0.0	0.0	0.0	0.0	0.0	1.56	0.0	0.0	0.0	6.83	0.0	0.0	0.0	0.0	0.0	0.0	0.0	0.0	0.0	0.0	0.0	0.0	0.0	0.0	80.92	QP
SRR13991110	0.0	0.0	0.0	0.0	6.27	2.33	0.0	0.0	3.08	0.0	2.48	0.0	0.0	0.0	0.0	0.0	0.0	0.0	0.0	0.29	0.0	0.0	0.97	0.0	0.0	0.0	0.0	0.0	0.0	84.58	QP
SRR13991060	0.0	0.0	0.0	0.0	40.14	0.0	0.0	0.0	0.0	0.0	0.0	0.0	0.0	0.0	34.02	0.0	0.0	0.0	0.0	0.0	0.0	0.0	0.0	0.0	0.0	0.0	0.0	0.0	0.0	25.84	QP
SRR13990846	0.0	0.0	0.0	0.0	21.75	0.0	0.0	0.0	0.0	0.0	2.29	0.0	0.0	0.0	26.54	0.0	0.0	0.0	0.0	0.0	0.0	0.0	0.0	0.0	0.04	0.0	0.0	0.0	0.0	49.38	QP
SRR13991045	0.0	0.0	1.19	0.76	0.0	0.0	0.0	0.0	1.26	0.0	0.51	0.0	0.42	0.0	0.0	1.82	0.0	0.0	0.0	1.27	0.0	0.0	0.25	0.0	0.0	0.0	0.0	0.0	0.0	92.52	QP
SRR13991108	0.0	0.0	0.61	0.0	0.84	0.0	0.0	0.0	0.12	0.0	1.53	0.0	0.0	0.0	0.01	0.0	0.0	0.0	0.0	1.13	0.0	0.0	1.38	0.0	0.0	0.0	0.0	0.37	0.0	94.0	QP
SRR13990837	0.0	0.0	3.63	0.0	0.0	0.0	0.88	0.0	2.66	0.0	0.0	0.0	0.0	0.0	0.0	1.51	0.0	0.0	0.0	3.73	0.0	0.0	0.0	0.0	0.0	0.0	0.0	0.0	0.0	87.6	QP
SRR13991109	0.0	0.0	0.0	0.0	9.54	0.0	0.0	0.0	0.0	0.0	2.15	0.0	0.0	0.0	17.94	0.0	0.0	0.0	0.0	0.0	0.0	0.0	0.0	0.0	0.0	0.0	0.0	0.0	0.0	70.37	QP
SRR13990823	0.0	0.0	0.0	0.0	4.44	0.0	0.0	0.0	0.0	0.0	0.0	0.0	0.0	0.0	6.68	0.19	0.0	0.0	0.0	0.0	0.0	0.0	0.0	0.0	0.0	0.0	0.0	0.0	0.0	88.7	QP
SRR13990951	0.0	0.0	0.0	0.0	9.84	0.0	0.0	0.0	0.0	0.0	0.0	0.0	0.0	0.0	18.39	0.0	0.0	0.0	0.0	0.0	0.0	0.0	0.0	0.0	0.0	0.0	0.0	0.0	0.0	71.77	QP
SRR13990822	0.0	0.0	0.0	0.0	3.96	0.0	0.0	0.0	0.0	0.0	0.0	0.0	0.0	0.0	1.71	2.29	0.0	0.0	0.0	0.0	0.0	0.0	0.0	0.0	0.0	0.0	0.0	0.0	0.0	92.05	QP
SRR13990853	0.0	0.0	0.0	0.0	21.93	0.0	0.0	0.0	0.0	0.0	0.0	0.0	0.0	0.0	29.18	0.0	0.0	0.0	0.0	0.0	0.0	0.0	0.0	0.0	0.0	0.0	0.0	0.0	0.0	48.89	QP
SRR13990847	0.0	0.0	0.0	0.0	20.75	0.0	0.0	0.0	0.0	0.0	0.0	0.0	0.0	0.0	31.88	0.0	0.0	0.0	0.0	0.0	0.0	0.0	0.0	0.0	0.0	0.0	0.0	0.0	0.0	47.37	QP
SRR13990703	0.0	0.0	0.0	0.0	14.97	0.0	0.0	0.0	0.0	0.0	3.8	0.0	0.0	0.0	4.7	0.0	0.0	0.0	0.0	0.0	0.0	0.0	1.03	0.0	0.0	0.0	0.0	0.0	0.0	75.51	QP
SRR13991072	0.0	0.0	0.0	0.0	15.92	0.0	0.0	0.0	0.0	0.0	0.0	0.0	0.0	0.0	9.97	0.0	0.0	0.0	0.0	0.0	0.0	0.0	0.0	0.0	0.0	0.0	0.0	0.0	0.0	74.1	QP
SRR13991071	0.0	0.0	0.0	0.0	9.13	0.0	0.0	0.0	0.0	0.0	0.0	0.0	0.0	0.0	7.35	0.0	0.0	0.0	0.0	0.0	0.0	0.0	0.0	0.0	0.0	0.0	0.0	0.0	0.0	83.51	QP
SRR13991090	0.0	0.08	4.18	0.0	0.0	19.38	0.0	0.0	20.88	0.0	37.24	2.83	7.73	0.03	0.0	0.07	0.0	0.0	0.07	0.27	0.0	0.0	1.49	0.0	0.0	0.22	0.0	0.97	0.0	4.56	ReDeconv
SRR13990878	0.0	0.0	5.26	0.0	1.22	8.01	0.47	0.0	15.35	1.7	8.9	0.76	1.87	0.0	0.0	0.21	1.52	0.0	0.19	0.14	0.0	0.0	1.12	0.03	0.0	1.16	0.0	1.12	0.32	50.68	ReDeconv
SRR13990839	0.0	0.0	5.27	0.0	0.47	6.24	0.0	0.0	15.31	3.18	4.08	0.29	2.25	0.22	0.02	0.03	0.15	0.0	0.0	0.55	0.0	0.0	0.0	0.88	0.0	1.5	0.0	1.17	0.91	57.48	ReDeconv
SRR13991062	0.0	0.29	3.39	0.0	0.69	3.91	0.0	0.0	12.23	0.0	8.77	4.22	1.97	0.0	0.0	0.14	0.9	0.0	0.07	0.25	0.0	0.0	0.33	0.73	0.0	1.66	0.0	1.26	0.0	59.19	ReDeconv
SRR13990797	0.0	0.37	3.74	0.0	0.84	5.06	0.0	1.07	14.86	0.0	11.45	1.56	1.33	0.0	0.06	0.24	2.42	0.01	0.0	0.19	0.0	0.0	0.02	0.05	0.0	1.67	0.0	0.82	0.15	54.08	ReDeconv
SRR13990676	0.0	0.0	4.67	0.0	0.75	13.76	0.0	0.0	15.44	0.0	26.23	0.51	5.46	0.0	0.0	0.1	0.68	0.0	0.71	0.05	0.02	0.0	0.47	0.0	0.0	1.67	0.0	1.07	0.24	28.19	ReDeconv
SRR13991032	0.0	0.0	4.28	0.0	0.0	7.43	0.0	0.0	18.19	0.0	13.87	2.55	4.6	0.33	0.0	10.97	1.25	0.0	0.65	0.0	0.05	2.13	0.97	0.04	0.0	0.87	0.0	0.82	0.0	31.0	ReDeconv
SRR13990778	0.0	0.03	4.57	0.0	0.0	17.72	0.0	0.0	22.57	0.0	36.43	2.55	7.88	0.0	0.0	0.06	0.0	0.0	0.04	0.27	0.0	0.0	1.83	0.0	0.0	0.26	0.0	0.8	0.0	4.99	ReDeconv
SRR13990695	0.0	0.0	3.82	0.0	0.23	3.61	0.0	0.28	12.48	0.0	10.11	4.16	1.93	0.04	0.0	0.04	0.63	0.3	0.01	0.05	0.16	0.0	0.0	0.1	0.0	2.89	0.0	1.33	0.37	57.46	ReDeconv
SRR13990850	0.0	0.17	4.05	0.0	0.0	15.92	0.0	0.0	23.43	0.0	32.3	2.72	5.53	0.01	0.0	0.04	0.0	0.0	0.13	0.21	0.0	0.0	1.76	0.0	0.0	0.93	0.0	0.76	0.0	12.04	ReDeconv
SRR13990858	0.0	0.44	4.3	0.0	0.33	9.02	0.0	0.0	18.48	0.0	20.9	1.98	4.84	0.0	0.0	0.94	0.96	0.0	0.53	0.45	0.0	0.0	0.53	0.0	0.0	2.5	0.0	1.44	0.05	32.31	ReDeconv
SRR13990904	2.14	0.0	4.65	0.0	0.73	0.43	0.0	0.0	10.88	1.98	4.09	3.25	3.24	0.0	0.0	0.48	0.0	0.0	0.0	0.49	0.45	0.0	0.0	0.05	0.0	1.54	0.0	2.1	0.42	63.06	ReDeconv
SRR13991080	0.0	0.43	4.1	0.0	0.71	3.52	0.0	0.57	13.08	0.0	8.22	3.25	2.18	0.0	0.0	0.14	1.17	0.06	0.0	0.43	0.0	0.0	0.29	0.0	0.0	2.04	0.0	0.8	0.0	59.02	ReDeconv
SRR13990868	0.0	0.05	4.33	0.0	0.17	13.47	0.0	0.0	16.89	0.0	23.79	1.48	5.45	0.0	0.0	0.5	0.79	0.0	0.69	0.35	0.9	0.02	2.77	0.05	0.0	1.81	0.0	2.36	1.1	23.04	ReDeconv
SRR13990814	0.0	0.0	4.88	0.0	0.7	6.21	0.0	0.0	13.82	0.0	22.48	3.29	3.75	0.0	0.0	0.28	3.03	0.0	0.33	0.06	0.08	0.0	2.24	0.22	0.0	0.72	0.0	0.67	1.66	35.59	ReDeconv
SRR13990762	0.0	0.0	3.61	0.0	0.07	6.96	0.0	1.25	12.2	0.0	10.4	2.53	2.69	0.08	0.0	0.08	0.0	0.0	0.15	0.0	0.0	0.1	0.14	0.8	0.0	1.42	0.0	2.18	0.0	55.35	ReDeconv
SRR13990629	0.33	0.0	3.58	0.0	0.26	5.88	0.0	0.0	20.13	0.0	8.16	3.75	2.18	0.0	0.0	0.07	2.07	0.0	0.56	0.0	0.0	0.0	3.22	0.08	0.0	1.46	0.0	1.31	0.47	46.49	ReDeconv
SRR13990728	0.0	0.0	5.29	0.0	0.4	11.79	0.0	2.06	15.02	0.0	21.37	1.28	2.62	0.11	0.0	0.38	0.29	0.0	0.15	0.3	0.0	0.0	0.03	0.0	0.0	0.87	0.0	1.47	1.15	35.41	ReDeconv
SRR13990932	0.0	0.08	6.24	0.0	0.0	12.95	0.0	0.0	20.95	0.0	37.09	2.87	3.83	0.11	0.0	0.05	0.0	0.0	0.12	0.05	0.39	0.0	3.15	0.0	0.0	1.41	0.0	0.27	0.95	9.5	ReDeconv
SRR13990879	0.0	0.0	6.1	0.0	0.58	11.17	0.0	0.0	16.18	0.0	13.12	1.83	2.5	0.33	0.0	0.18	0.0	0.0	0.21	0.15	0.03	0.0	0.18	0.17	0.0	1.88	0.0	1.25	0.37	43.76	ReDeconv
SRR13990816	0.0	0.0	4.91	0.0	0.52	1.84	0.0	0.0	12.52	0.0	26.97	6.86	2.64	0.0	0.0	0.04	1.96	0.0	0.24	0.13	0.01	0.0	2.19	0.64	0.0	0.74	0.0	1.43	2.41	33.95	ReDeconv
SRR13990798	0.3	0.05	4.72	0.0	0.33	2.15	0.0	0.0	11.53	0.0	14.12	3.41	0.86	0.69	0.0	0.17	0.79	0.03	0.0	0.62	0.0	0.12	0.15	0.37	0.0	0.38	0.0	1.35	0.98	56.89	ReDeconv
SRR13990892	0.0	0.07	4.16	0.0	0.47	1.51	0.0	1.94	15.48	0.0	23.77	3.96	3.37	0.0	0.0	0.9	0.67	0.0	0.04	1.29	0.0	0.18	0.0	0.49	0.0	0.44	0.0	3.0	0.69	37.58	ReDeconv
SRR13990827	3.99	0.0	3.01	0.0	1.37	0.53	0.0	0.0	12.23	0.0	18.21	6.8	1.16	0.0	0.0	1.27	2.4	1.04	0.0	0.0	0.0	0.0	0.24	0.47	0.0	0.68	0.0	1.05	0.0	45.54	ReDeconv
SRR13990815	0.0	0.0	4.72	0.0	0.43	11.62	0.0	0.0	18.73	0.0	17.28	3.68	5.2	0.11	0.0	0.54	0.45	0.0	0.52	0.29	0.0	0.0	1.22	0.02	0.0	3.49	0.0	1.49	0.0	30.19	ReDeconv
SRR13990739	0.0	0.0	5.6	0.0	0.28	5.6	0.0	0.0	16.53	0.0	26.61	9.02	1.91	0.0	0.0	0.13	1.11	0.0	0.0	0.95	0.0	0.0	0.03	0.15	0.0	1.63	0.07	1.21	0.79	28.37	ReDeconv
SRR13991056	0.0	0.0	4.81	0.0	0.33	13.62	0.0	0.0	19.41	0.0	28.58	2.84	4.37	0.07	0.0	0.38	0.0	0.0	0.39	0.73	0.0	0.0	0.16	0.24	0.0	0.7	0.0	1.45	0.48	21.44	ReDeconv
SRR13990923	0.0	0.0	5.71	0.0	0.43	12.15	0.0	0.0	17.32	0.0	10.98	1.77	3.08	0.08	0.0	0.07	0.0	0.0	0.73	0.4	0.0	0.0	1.74	0.07	0.0	0.94	0.0	1.53	0.45	42.55	ReDeconv
SRR13990645	9.14	0.0	8.06	0.0	0.26	0.0	2.98	0.0	11.3	0.0	25.59	6.42	0.0	0.0	0.0	0.14	1.77	0.97	0.0	0.21	0.0	0.0	3.56	0.73	0.0	0.0	0.0	1.4	0.63	26.85	ReDeconv
SRR13990637	0.0	0.0	5.12	0.0	0.23	7.11	0.0	0.0	12.97	0.0	27.64	5.87	2.95	0.0	0.0	0.27	1.12	0.0	0.45	0.61	0.0	0.02	0.75	0.11	0.0	2.19	0.0	1.98	0.67	29.93	ReDeconv
SRR13990994	0.46	0.0	4.42	0.0	1.31	3.27	0.0	0.0	14.02	0.0	14.45	7.67	1.53	0.61	0.0	0.16	0.69	1.7	0.0	0.0	0.1	0.0	0.39	0.27	0.0	1.71	0.0	1.98	0.67	44.59	ReDeconv
SRR13990838	2.38	0.0	7.31	0.0	1.25	0.0	0.0	0.65	11.41	0.0	21.55	7.4	0.38	0.0	0.0	0.76	2.12	0.02	0.0	0.0	0.0	0.0	1.37	0.0	0.0	0.7	0.0	1.28	0.29	41.13	ReDeconv
SRR13991033	0.0	1.06	3.36	0.0	0.19	5.12	0.0	0.18	18.65	0.0	20.44	2.08	1.8	0.06	0.0	13.14	0.02	0.56	0.0	0.0	0.18	0.0	0.43	0.06	0.0	0.44	0.0	0.7	0.1	31.42	ReDeconv
SRR13990634	0.0	0.0	4.17	0.0	0.3	17.17	0.0	0.0	17.07	0.0	22.64	3.7	4.16	0.44	0.0	0.15	0.0	0.0	0.53	0.6	0.03	0.0	0.0	0.49	0.0	3.33	0.0	2.28	0.46	22.5	ReDeconv
SRR13990993	1.37	0.0	7.35	0.0	0.5	3.08	0.0	0.0	16.0	0.0	16.27	3.86	2.46	0.0	0.0	0.18	0.99	0.0	0.1	0.0	0.0	0.37	0.44	0.05	0.0	1.72	0.0	2.06	0.03	43.18	ReDeconv
SRR13990916	0.0	0.31	4.97	0.0	0.0	16.56	0.0	0.0	22.06	0.0	14.33	0.0	4.43	0.18	0.34	2.75	1.71	0.0	1.4	1.07	0.0	1.93	0.0	0.0	0.0	1.53	0.0	2.82	1.57	22.05	ReDeconv
SRR13990618	1.57	0.0	4.25	0.0	1.53	0.35	0.62	0.08	16.39	0.0	7.83	1.4	0.56	0.0	0.06	0.11	0.26	4.04	0.0	0.25	0.0	0.0	4.55	0.0	0.0	0.35	0.0	2.74	0.36	52.69	ReDeconv
SRR13991026	0.0	0.0	7.1	0.0	0.0	5.66	0.0	0.0	16.97	0.0	9.52	3.87	4.58	0.0	0.02	0.58	1.92	0.0	0.18	0.02	0.0	0.89	0.51	0.07	0.0	0.87	0.0	3.11	0.0	44.13	ReDeconv
SRR13990863	9.27	0.0	9.14	0.0	0.78	0.3	0.0	0.0	17.1	0.53	22.46	2.3	2.97	0.0	0.0	0.34	1.19	0.0	0.0	0.0	0.0	0.0	0.88	0.01	0.0	0.0	0.0	1.39	2.84	28.5	ReDeconv
SRR13990871	0.0	0.0	6.45	0.0	0.33	6.93	0.0	0.0	15.64	0.0	24.29	5.57	4.27	0.0	0.75	0.43	0.3	0.0	0.25	0.57	0.0	0.11	0.21	0.39	0.0	1.82	0.0	1.64	0.0	30.04	ReDeconv
SRR13990862	5.06	0.0	8.09	0.0	0.42	7.69	0.0	0.0	15.83	0.0	15.52	0.39	3.08	0.0	0.0	0.15	0.14	0.0	1.2	0.0	0.0	0.24	0.0	0.54	0.0	2.38	0.0	3.35	0.7	35.25	ReDeconv
SRR13990665	0.0	0.63	3.81	0.0	0.19	15.62	0.0	0.06	16.45	0.0	25.0	1.21	3.51	0.0	0.07	0.46	0.96	0.0	0.24	0.26	0.65	0.6	2.13	0.51	0.0	1.98	1.28	1.95	1.29	21.16	ReDeconv
SRR13990789	0.0	0.0	4.8	0.0	0.25	9.44	0.0	0.0	17.73	0.0	26.08	4.65	5.0	0.0	0.0	0.16	2.31	0.0	0.56	0.13	0.0	0.0	1.18	0.1	0.0	0.68	0.0	1.35	2.27	23.33	ReDeconv
SRR13990758	0.0	0.0	4.5	0.0	0.03	16.4	0.0	0.0	18.72	0.0	27.27	1.98	4.53	0.37	0.0	0.3	1.38	0.0	0.26	0.49	0.47	0.0	2.86	0.11	0.0	1.27	0.0	2.24	0.04	16.77	ReDeconv
SRR13990866	3.14	0.0	4.77	0.0	0.53	0.03	0.0	0.0	19.07	0.0	28.32	3.19	1.41	0.04	0.83	1.22	0.0	1.12	0.0	0.0	0.0	0.0	2.72	0.0	0.0	1.44	0.0	1.76	0.0	30.42	ReDeconv
SRR13990780	0.0	0.0	3.74	0.0	0.55	15.41	0.0	0.0	17.86	0.0	19.35	1.95	3.94	0.0	0.0	1.49	1.64	0.0	0.93	0.0	0.1	0.0	0.0	1.26	0.0	1.99	0.0	2.48	0.46	26.84	ReDeconv
SRR13990800	0.0	0.77	6.99	0.0	0.26	5.81	0.0	0.0	19.79	0.0	29.76	2.62	4.31	0.0	0.0	0.09	0.88	0.0	0.48	0.2	0.0	0.0	1.28	0.27	0.0	0.78	0.0	0.84	1.62	23.25	ReDeconv
SRR13991057	0.0	0.0	4.18	0.0	0.2	11.7	0.0	0.0	19.75	0.0	31.71	1.19	2.8	0.31	0.0	0.38	0.0	0.0	0.25	1.32	0.03	0.05	0.05	0.13	0.0	0.74	0.0	1.11	0.02	24.08	ReDeconv
SRR13990991	0.0	1.36	5.03	0.0	1.04	12.03	0.0	0.0	18.59	0.0	19.9	3.81	4.03	0.0	0.0	0.59	0.97	0.0	0.61	0.28	0.0	0.0	0.0	0.4	0.0	1.16	0.0	0.98	1.16	28.06	ReDeconv
SRR13990635	0.0	0.0	5.84	0.0	0.39	6.47	0.0	0.0	20.69	0.0	26.33	3.62	3.2	0.0	0.0	0.25	0.0	0.0	0.29	0.06	0.0	0.0	2.41	0.03	0.0	1.6	0.0	1.75	3.01	24.04	ReDeconv
SRR13990636	0.0	0.0	5.59	0.0	0.48	11.01	0.0	0.0	15.39	0.0	29.26	3.75	4.18	0.0	0.0	0.26	0.8	0.0	0.51	0.06	0.0	0.0	1.02	0.02	0.0	2.22	0.0	0.92	1.02	23.52	ReDeconv
SRR13990992	0.0	0.29	2.85	0.0	0.35	4.46	0.11	0.0	16.59	0.0	30.48	5.44	1.42	0.42	0.0	0.3	2.62	0.28	0.31	0.8	0.0	0.0	0.42	0.0	0.0	0.27	0.0	1.09	0.0	31.51	ReDeconv
SRR13991093	1.06	0.01	7.88	0.0	0.4	4.95	0.56	0.0	14.92	0.0	21.65	3.6	1.68	0.17	0.01	0.25	2.31	0.0	0.0	0.0	1.44	0.0	0.7	0.05	0.0	0.74	0.0	2.24	0.59	34.8	ReDeconv
SRR13990903	0.51	0.0	3.15	0.0	0.52	0.0	1.81	0.0	15.63	0.0	27.01	6.44	1.29	0.18	0.0	0.21	0.91	0.17	0.0	0.2	0.0	0.0	4.11	0.03	0.0	0.0	0.0	1.94	0.94	34.96	ReDeconv
SRR13990867	0.0	0.0	6.64	0.0	0.25	2.3	1.33	0.0	14.41	0.0	29.88	6.53	1.48	0.1	0.0	0.31	0.0	0.07	0.0	0.41	0.73	0.0	0.46	0.0	0.0	1.66	0.0	0.48	0.55	32.43	ReDeconv
SRR13990861	0.09	0.0	3.26	0.0	0.31	2.31	0.0	0.24	12.49	0.0	21.43	7.57	2.38	0.0	0.0	0.24	1.47	0.0	0.66	0.08	0.0	0.27	2.69	0.95	0.0	2.51	0.0	2.06	0.42	38.56	ReDeconv
SRR13991044	0.0	0.0	4.12	0.0	0.01	14.59	0.0	0.0	15.92	0.0	32.62	2.16	4.94	0.0	1.34	0.49	2.49	0.0	0.97	0.35	0.0	0.0	1.62	0.02	0.0	1.48	0.0	1.23	0.78	14.87	ReDeconv
SRR13990950	3.24	0.33	4.7	0.0	0.97	8.93	0.0	0.0	18.09	0.14	7.02	0.0	1.59	1.61	0.0	0.77	3.13	0.0	0.19	0.16	0.0	0.0	0.19	1.27	0.0	1.63	0.0	2.59	0.0	43.46	ReDeconv
SRR13991092	0.0	0.0	6.64	0.0	0.99	7.54	0.0	0.92	13.29	0.0	10.11	2.39	1.89	0.04	0.35	0.19	0.0	0.0	0.57	0.57	0.15	0.0	0.0	0.44	0.0	1.82	0.0	3.16	0.9	48.04	ReDeconv
SRR13990917	0.0	0.0	5.5	0.0	0.67	14.66	0.0	0.0	21.89	0.0	19.74	1.56	5.86	1.5	0.0	2.26	0.0	0.0	1.31	0.07	0.0	0.0	1.47	0.0	0.0	2.33	0.0	2.75	1.08	17.34	ReDeconv
SRR13991075	0.0	0.0	3.66	0.0	0.24	17.41	1.49	0.0	19.42	1.57	12.87	0.0	3.97	0.0	0.0	1.26	4.64	0.0	1.39	0.0	0.0	0.0	0.15	0.0	0.0	1.38	0.0	2.8	1.37	26.37	ReDeconv
SRR13990860	0.0	0.0	4.65	0.0	0.87	6.44	0.0	0.56	12.97	0.0	30.86	2.19	3.47	0.39	0.0	0.16	1.33	0.0	0.37	0.0	0.0	0.0	2.91	0.1	0.0	0.85	0.0	1.38	0.08	30.4	ReDeconv
SRR13990870	0.0	0.0	4.72	0.0	0.71	6.41	0.0	0.0	14.98	0.0	15.6	9.1	4.35	0.0	0.0	0.5	1.24	0.0	0.11	0.22	0.0	0.0	0.0	0.06	0.0	1.21	0.0	1.2	0.38	39.24	ReDeconv
SRR13990874	0.0	0.0	5.75	0.0	0.0	11.57	0.0	0.0	16.94	0.0	26.21	1.67	4.31	0.0	0.0	0.17	0.59	0.0	0.4	0.19	0.0	3.76	0.0	0.17	0.0	0.88	0.0	1.08	0.0	26.31	ReDeconv
SRR13990709	2.58	0.0	6.14	0.0	0.0	0.96	0.0	0.0	14.93	0.0	19.27	5.76	2.66	0.0	0.17	0.07	1.15	0.0	0.71	0.2	0.0	2.32	0.0	0.08	0.0	2.29	0.0	2.38	0.0	38.33	ReDeconv
SRR13991076	0.0	0.0	4.89	0.0	0.13	20.44	5.8	0.0	19.43	2.81	5.01	0.0	0.0	0.0	0.08	1.68	0.36	0.0	0.33	0.06	0.03	0.0	0.28	2.04	0.0	2.32	0.0	1.11	0.53	32.69	ReDeconv
SRR13990854	3.16	0.0	9.51	0.0	0.07	0.0	1.58	0.0	15.72	0.0	17.9	4.47	1.5	0.0	0.0	0.0	1.16	0.0	0.0	0.07	0.0	0.0	1.95	0.81	0.0	5.16	0.0	1.55	1.97	33.41	ReDeconv
SRR13990781	0.0	0.0	2.93	0.0	0.0	14.47	0.0	0.0	22.54	2.25	8.27	0.0	4.47	1.17	0.0	0.55	7.29	0.0	0.23	0.02	0.0	2.94	0.0	0.1	0.0	1.43	0.0	1.05	0.31	29.99	ReDeconv
SRR13990875	0.0	0.52	8.23	0.0	0.11	2.5	0.9	0.0	16.65	0.0	22.69	2.5	1.83	1.28	0.0	0.03	2.0	0.0	0.0	0.25	0.0	0.0	2.08	0.23	0.0	0.0	0.0	0.92	2.55	34.73	ReDeconv
SRR13990698	0.0	0.02	4.98	0.0	0.53	1.8	0.0	0.0	18.1	0.0	24.6	4.15	1.5	0.0	0.0	0.1	1.5	0.0	1.02	0.1	0.0	0.0	0.79	0.36	0.0	1.89	0.0	1.28	0.09	37.18	ReDeconv
SRR13991061	0.96	0.38	5.9	0.0	0.64	6.04	0.0	0.0	12.75	0.0	25.65	1.31	0.66	0.0	0.0	0.44	0.0	1.45	0.0	0.0	1.63	0.0	0.0	1.17	0.0	1.51	0.0	2.53	0.55	36.44	ReDeconv
SRR13991107	0.0	0.0	3.33	0.0	0.37	10.94	0.0	0.0	17.56	0.0	32.38	4.16	2.81	0.0	0.0	0.11	2.26	0.0	0.88	0.02	0.17	0.0	0.63	0.0	0.0	0.46	0.0	2.14	0.94	20.83	ReDeconv
SRR13990791	0.0	0.0	4.14	0.0	0.56	12.67	0.0	0.0	18.92	0.0	14.7	1.23	3.49	1.08	0.0	0.05	0.0	0.0	0.27	1.6	0.0	0.0	0.0	0.07	0.0	3.5	0.0	2.02	0.55	35.16	ReDeconv
SRR13990792	0.0	0.0	4.47	0.0	0.69	7.94	0.0	0.0	19.24	0.0	21.01	0.0	3.64	0.0	0.0	0.19	0.72	0.0	0.92	0.0	0.0	0.0	0.0	0.83	0.0	4.68	0.0	1.06	0.0	34.61	ReDeconv
SRR13990946	0.0	0.5	4.56	0.0	0.27	12.72	0.0	0.0	20.61	0.0	23.77	2.83	11.07	0.0	0.0	0.31	0.87	0.0	0.22	0.52	0.0	0.05	2.46	0.0	0.0	0.93	0.0	1.14	0.53	16.65	ReDeconv
SRR13990840	0.0	0.0	4.17	0.0	0.32	9.78	0.22	0.0	18.59	0.0	22.04	1.88	4.32	0.18	0.0	0.15	1.92	0.0	1.43	0.16	0.0	0.02	1.1	0.75	0.0	2.67	0.0	0.85	0.69	28.76	ReDeconv
SRR13991110	1.06	0.0	4.26	0.0	0.31	0.13	0.05	0.0	13.78	0.0	36.84	7.75	0.27	0.0	0.0	0.14	1.68	0.01	0.0	0.0	1.13	0.0	0.0	0.09	0.0	0.01	0.0	1.14	0.11	31.26	ReDeconv
SRR13991060	2.4	0.0	5.47	0.0	0.69	5.63	0.0	0.0	12.11	0.0	24.42	2.58	2.14	0.28	0.0	0.3	0.0	2.15	0.0	0.0	0.0	0.0	6.13	0.0	0.0	0.05	0.0	2.11	1.04	32.5	ReDeconv
SRR13990846	0.0	0.0	8.77	0.0	0.58	10.81	0.0	0.0	16.22	0.0	15.06	2.46	1.98	0.0	0.0	0.66	3.78	0.0	0.2	0.0	0.0	0.01	0.0	0.11	0.0	0.15	0.0	2.27	0.0	36.95	ReDeconv
SRR13991045	0.0	0.01	4.16	0.0	0.01	12.19	0.0	0.0	17.74	0.0	37.59	2.77	3.97	0.0	0.0	0.37	0.0	0.0	0.87	0.23	0.0	0.03	1.8	0.15	0.0	1.66	0.0	1.45	0.0	15.0	ReDeconv
SRR13991108	0.0	0.0	3.39	0.0	0.43	13.23	0.0	0.0	22.84	0.0	22.2	3.57	6.31	0.0	0.0	0.17	0.29	0.0	0.49	0.11	0.4	0.0	0.0	0.45	0.0	1.76	0.0	1.95	0.46	21.95	ReDeconv
SRR13990837	0.0	0.0	3.71	0.0	0.0	13.05	0.0	0.0	15.21	0.0	30.84	1.06	6.36	0.0	2.79	0.12	0.0	0.0	0.85	0.08	0.33	0.41	2.83	0.17	0.0	2.95	0.0	3.42	0.0	15.84	ReDeconv
SRR13991109	2.65	0.0	5.28	3.41	0.02	0.52	0.0	0.0	20.61	0.0	23.39	3.3	1.81	0.0	0.0	0.15	0.31	0.0	0.0	0.0	0.53	0.0	3.47	0.15	0.0	1.62	0.0	2.52	0.0	30.28	ReDeconv
SRR13990823	0.0	0.02	2.97	0.0	0.21	17.68	0.0	0.0	16.65	0.0	28.48	5.54	3.39	0.0	0.0	0.85	1.97	0.0	0.53	0.22	0.4	0.0	0.4	0.0	0.0	1.36	0.0	0.97	0.0	18.35	ReDeconv
SRR13990951	0.0	0.0	6.93	0.0	0.0	10.44	3.75	0.0	14.16	0.0	22.46	3.0	2.49	0.27	0.06	0.42	3.92	0.0	0.24	0.0	1.24	1.48	2.91	0.09	0.0	1.7	0.0	1.48	0.0	22.96	ReDeconv
SRR13990822	0.0	0.0	5.58	0.0	0.22	14.42	0.0	0.0	16.45	0.0	28.45	0.17	3.92	0.87	0.13	0.46	0.2	0.0	0.73	0.41	0.0	0.0	2.44	0.33	0.0	1.68	0.0	1.02	1.21	21.32	ReDeconv
SRR13990853	0.0	0.0	3.69	0.0	0.58	9.94	0.0	0.0	14.56	0.0	13.1	0.76	4.68	0.83	0.0	1.41	0.61	0.51	0.0	2.14	0.02	0.01	0.0	0.7	0.0	0.0	0.0	2.89	0.72	42.85	ReDeconv
SRR13990847	0.0	0.0	7.86	0.0	0.41	8.46	0.0	0.0	15.88	0.0	22.47	1.5	0.8	0.0	0.67	0.18	0.0	0.0	0.93	0.4	0.0	0.0	1.32	0.39	0.0	0.06	0.0	1.98	0.0	36.7	ReDeconv
SRR13990703	1.37	0.0	6.49	0.0	1.11	2.21	0.0	0.0	16.11	0.0	21.4	3.22	1.62	0.0	0.0	0.12	1.71	0.0	0.23	0.0	0.0	0.0	0.32	0.93	0.0	1.04	0.0	2.68	1.22	38.23	ReDeconv
SRR13991072	0.0	4.84	1.59	0.0	0.34	20.87	3.47	0.0	10.62	0.0	18.08	0.0	1.5	0.79	0.0	0.37	4.35	0.0	1.28	3.21	1.51	0.0	0.33	0.07	0.12	0.53	0.0	3.57	6.18	16.39	ReDeconv
SRR13991071	0.0	4.66	3.75	0.22	0.92	8.71	0.0	0.0	17.53	0.0	15.15	0.0	16.14	0.15	0.27	0.46	1.5	0.0	0.38	0.0	0.41	0.0	0.47	4.03	0.0	0.0	0.0	4.1	1.71	19.43	ReDeconv
