	Adipose	Adrenal gland	Arteries	Bladder	Brain	Breast	FemaleReproductive	Fibroblasts	Lymphocytes	ColonSigmoid	ColonTransverse	Esophagus	EsophagusMucosa	Heart	Kidney	Liver	Lung	SalivaryGland	MuscleSkeletal	NerveTibial	Pancreas	Pituitary	Prostate	Skin	SmallIntestine	Spleen	Stomach	Testis	Thyroid	Whole blood	DeconvolutionTool
X971241_3	1.2	0.01	11.51	0.02	8.09	0.01	0.15	0.61	22.79	6.54	0.0	0.0	0.05	0.0	0.0	0.04	10.37	0.02	0.0	0.0	0.0	0.01	0.41	0.17	1.54	3.2	0.0	1.83	0.01	31.42	BayesPrism
X653512_3	0.0	0.0	0.0	0.01	1.08	19.43	12.27	0.0	36.26	0.0	0.0	0.0	0.0	0.0	0.0	0.02	0.0	0.01	0.01	0.0	0.0	0.05	1.5	0.86	0.85	0.0	0.0	1.19	0.0	26.44	BayesPrism
X897309_3	4.8	0.01	0.02	0.01	8.86	8.36	0.42	0.48	38.46	0.03	0.01	4.25	0.0	0.0	0.85	0.03	0.75	0.0	0.04	0.0	0.0	0.01	0.0	0.01	0.0	6.63	0.0	1.82	0.0	24.12	BayesPrism
X565782_3	0.65	0.0	0.0	0.02	6.68	15.86	0.14	0.2	33.54	0.0	0.01	2.62	0.0	0.06	0.84	0.01	0.01	0.0	0.05	0.04	0.0	0.08	0.0	0.0	0.0	7.88	0.01	1.65	0.01	29.64	BayesPrism
X707861_2	0.01	0.0	0.03	14.55	4.0	0.02	3.1	0.27	17.89	0.0	0.0	0.0	0.0	0.0	0.0	0.0	0.01	0.01	0.0	1.83	0.0	0.02	0.01	0.0	4.49	13.7	0.0	1.89	0.15	38.01	BayesPrism
X888987_3	0.0	0.0	0.0	0.0	0.0	0.0	0.56	0.0	0.01	0.0	0.0	0.0	0.0	0.0	0.0	0.0	0.0	0.01	0.0	17.56	0.0	0.0	0.0	0.0	0.01	44.74	0.0	0.06	0.09	36.94	BayesPrism
X765128_2	4.33	0.01	1.18	0.0	15.08	0.01	0.01	1.23	20.31	2.98	2.25	0.0	0.0	0.0	0.51	0.02	8.95	0.0	0.0	0.0	0.0	0.0	3.31	0.7	0.02	0.06	0.0	6.16	0.01	32.87	BayesPrism
X961389_3	0.0	0.04	26.07	0.0	12.21	0.0	0.0	0.0	4.88	6.4	0.01	0.0	0.06	0.0	0.0	0.29	8.72	0.0	0.0	0.0	0.0	0.01	0.01	0.01	1.94	0.0	0.0	1.69	0.0	37.62	BayesPrism
X982023_3	0.0	0.01	0.0	5.57	5.18	14.16	2.09	0.0	31.51	0.01	0.0	0.02	0.0	0.2	0.0	0.05	0.0	0.01	0.04	0.01	0.0	0.01	0.1	0.1	0.02	8.87	0.01	2.08	0.03	29.92	BayesPrism
X691160_3	0.0	0.0	0.53	5.38	1.28	0.0	11.43	0.0	18.46	0.19	0.0	0.0	0.0	0.0	0.0	0.02	0.0	0.01	0.02	6.32	0.01	0.01	0.01	0.12	2.02	32.31	0.0	0.88	0.03	20.97	BayesPrism
X525989_2	0.0	0.0	0.0	0.0	6.2	14.92	2.34	0.0	22.85	0.0	0.0	0.0	0.0	0.0	0.0	0.02	0.0	0.0	0.0	0.0	0.0	0.05	2.37	0.06	18.84	0.0	0.0	3.29	0.0	29.04	BayesPrism
X884755_2	0.0	0.01	22.96	0.0	9.79	0.0	0.01	0.0	0.72	7.16	0.0	0.0	0.01	0.0	0.0	0.0	0.44	0.01	0.0	0.0	0.0	0.01	0.39	0.15	13.26	0.0	0.0	2.97	0.2	41.9	BayesPrism
X905498_2	0.0	0.0	0.0	0.0	0.56	31.74	3.24	0.0	39.06	0.0	0.0	0.0	0.0	0.0	0.0	0.07	0.0	0.0	0.0	0.0	0.02	0.11	0.0	0.12	0.04	0.0	0.0	0.87	0.0	24.16	BayesPrism
X629773_2	0.31	0.0	9.31	2.94	4.36	0.66	1.11	0.0	26.85	8.31	0.0	0.0	0.02	0.0	0.0	0.0	0.13	0.01	0.0	0.0	0.0	0.01	0.16	0.19	10.84	5.31	0.0	0.73	0.01	28.73	BayesPrism
X571092_1	0.0	0.0	0.0	0.0	0.0	0.0	1.53	0.0	14.97	0.0	0.0	0.0	0.0	0.0	0.0	0.0	0.0	1.79	0.11	25.44	0.0	0.0	0.0	0.0	0.0	54.8	0.0	0.02	0.0	1.31	BayesPrism
X582739_3	0.0	0.0	0.0	28.55	2.64	5.25	0.67	0.0	25.52	0.0	0.0	0.0	0.01	0.0	0.0	0.49	0.0	0.0	0.0	0.0	0.02	0.0	2.26	0.46	0.46	0.0	0.0	2.34	0.0	31.32	BayesPrism
X702116_3	0.01	0.0	16.46	0.0	12.94	0.0	0.0	0.56	9.66	0.01	0.03	0.0	0.0	0.0	0.0	0.0	34.97	0.0	0.05	0.0	0.0	0.0	0.0	0.0	0.0	0.0	0.0	2.54	0.0	22.77	BayesPrism
X740015_3	0.0	0.01	0.0	5.71	4.05	16.39	1.54	0.0	36.57	0.0	0.0	0.0	0.0	0.01	0.01	0.12	0.0	0.0	0.04	0.01	0.0	0.03	0.0	0.1	0.0	6.18	0.11	0.99	0.02	28.11	BayesPrism
X683266_3	3.21	0.01	0.02	0.01	6.45	10.78	0.21	0.58	35.74	0.01	0.01	5.74	0.0	0.0	0.01	0.01	0.33	0.0	0.01	0.01	0.0	0.3	0.0	0.01	0.0	8.3	0.0	1.78	0.0	26.46	BayesPrism
X709690_3	0.0	0.0	0.84	6.56	4.52	0.0	6.83	0.0	19.15	0.56	0.0	0.0	0.0	0.0	0.0	0.04	0.0	0.01	0.03	3.19	0.0	0.0	0.01	0.08	1.89	30.94	0.01	1.29	0.29	23.72	BayesPrism
X512025_2	2.61	0.0	10.5	0.0	10.88	0.01	0.01	0.01	20.51	8.74	0.0	0.0	0.0	0.0	0.0	0.02	8.21	0.0	0.0	0.0	0.0	0.0	2.01	0.62	1.83	0.01	0.0	2.21	0.0	31.81	BayesPrism
X500915_3	0.05	0.0	0.0	0.01	7.24	17.12	0.08	1.07	37.95	0.01	0.0	2.04	0.0	0.01	2.26	0.03	0.01	0.0	0.05	0.0	0.0	0.02	0.0	0.04	0.0	0.11	0.0	3.21	0.0	28.68	BayesPrism
X902180_3	0.0	0.01	6.41	0.05	6.36	3.89	0.27	0.01	19.54	8.6	0.0	0.0	0.0	0.0	0.0	0.1	0.0	0.0	0.0	0.0	0.01	0.06	5.64	1.52	12.06	0.0	0.0	1.44	0.0	34.0	BayesPrism
X814701_2	0.34	0.03	12.17	0.0	12.77	0.05	0.01	0.15	18.08	14.32	0.0	0.0	0.0	0.0	0.0	0.01	0.58	0.0	0.0	0.0	0.0	0.02	3.91	0.64	4.65	0.0	0.0	0.88	0.0	31.35	BayesPrism
X903837_3	0.04	0.08	1.5	0.01	9.19	10.39	0.01	0.01	20.51	6.26	0.0	0.0	0.01	0.0	0.0	0.04	0.01	0.0	0.01	0.0	0.0	0.02	10.53	0.25	5.33	0.03	0.0	3.55	0.0	32.21	BayesPrism
X690247_2	0.01	0.0	9.2	0.01	5.81	0.03	0.01	0.0	19.58	8.83	0.0	0.0	0.2	0.0	0.0	0.03	0.0	0.01	0.02	0.0	0.0	0.02	4.62	2.73	16.25	0.0	0.0	2.06	0.0	30.57	BayesPrism
X915027_3	4.06	0.0	1.87	0.01	9.68	0.28	0.01	0.21	18.1	4.56	0.01	0.0	0.0	0.0	0.01	0.04	0.04	0.0	0.0	0.0	0.0	0.09	15.1	3.41	1.38	0.01	0.0	4.77	0.33	36.04	BayesPrism
X508691_3	0.01	0.0	26.9	0.0	10.09	0.0	0.0	0.0	4.39	4.58	0.0	0.0	0.0	0.0	0.0	0.0	20.29	0.01	0.0	0.0	0.0	0.0	0.0	0.0	0.98	0.0	0.0	1.23	0.0	31.5	BayesPrism
X501143_2	0.0	0.0	0.0	0.0	0.49	0.0	40.32	0.0	14.01	0.0	0.0	0.0	0.0	0.0	0.0	0.03	0.0	0.0	0.0	0.0	0.0	0.05	12.14	0.19	0.0	0.0	0.0	1.3	0.0	31.46	BayesPrism
X689440_3	0.0	0.0	0.0	0.0	1.9	29.93	0.0	0.0	32.75	0.0	0.0	0.0	0.0	0.0	0.0	0.09	0.0	0.0	0.01	0.0	0.0	0.21	1.23	0.33	0.0	0.0	0.0	0.94	0.0	32.57	BayesPrism
X397120_1	0.01	0.0	16.65	0.0	12.95	0.0	0.0	0.14	13.28	0.01	0.0	0.02	0.0	0.0	0.0	0.0	37.6	0.0	0.01	0.0	0.0	0.0	0.0	0.0	0.0	0.0	0.0	2.27	0.0	17.06	BayesPrism
X480303_1	6.21	0.0	0.08	0.0	9.07	0.0	0.0	0.37	31.79	0.0	0.0	3.61	0.0	0.0	6.12	0.01	22.64	0.0	0.04	0.0	0.0	0.0	0.0	0.0	0.0	0.06	0.0	2.94	0.0	17.03	BayesPrism
X255058_2	0.0	0.0	18.88	0.0	7.19	0.0	0.1	0.0	9.24	0.0	0.01	0.0	0.0	0.0	0.0	0.0	35.39	0.64	0.04	0.01	0.0	0.0	0.0	0.0	0.01	9.66	0.0	1.32	0.0	17.48	BayesPrism
X253665_1	0.01	0.0	11.87	0.0	11.6	0.0	0.0	0.01	12.88	0.0	0.01	0.02	0.0	0.0	0.02	0.0	45.84	0.0	0.02	0.0	0.0	0.0	0.0	0.0	0.0	0.0	0.0	3.33	0.0	14.4	BayesPrism
X103651_1	0.0	0.0	0.0	0.0	0.0	0.0	1.08	0.0	7.77	0.0	0.0	0.0	0.0	0.0	0.0	0.0	0.0	0.01	0.02	18.64	0.0	0.0	0.0	0.0	0.0	63.9	0.0	0.25	0.01	8.3	BayesPrism
X291886_1	4.32	0.0	2.12	0.0	10.57	0.0	0.0	0.01	25.3	0.0	0.0	2.24	0.0	0.0	1.23	0.0	32.86	0.0	0.0	0.0	0.0	0.0	0.0	0.0	0.0	0.0	0.0	4.1	0.0	17.21	BayesPrism
X229182_1	0.0	0.0	14.45	0.0	10.05	0.0	0.0	0.01	12.75	0.0	0.0	0.0	0.0	0.0	0.0	0.0	44.8	0.0	0.04	0.0	0.0	0.0	0.0	0.0	0.0	0.0	0.0	3.01	0.0	14.85	BayesPrism
X277408_1	6.02	0.0	0.01	0.0	9.7	0.0	0.0	1.24	30.42	0.0	0.0	4.8	0.0	0.0	8.67	0.03	14.75	0.0	0.02	0.0	0.0	0.0	0.0	0.0	0.0	0.0	0.0	2.83	0.0	21.48	BayesPrism
X434662_2	0.0	0.0	17.81	0.0	10.97	0.0	0.0	0.01	9.38	0.0	0.0	0.0	0.0	0.0	0.0	0.0	42.15	0.0	0.03	0.0	0.0	0.0	0.0	0.0	0.0	0.0	0.0	2.24	0.0	17.39	BayesPrism
X405912_2	0.0	0.0	5.3	0.0	7.0	0.0	0.0	0.01	11.68	0.0	0.0	2.11	0.0	0.0	0.01	0.0	25.15	0.0	0.05	0.01	0.0	0.0	0.0	0.0	0.0	24.91	0.0	1.39	0.0	22.39	BayesPrism
X406813_1	5.44	0.0	4.04	0.0	13.92	0.0	0.0	0.25	21.96	0.0	0.0	4.73	0.0	0.0	8.69	0.0	15.09	0.0	0.0	0.0	0.0	0.0	0.0	0.0	0.0	0.0	0.0	2.76	0.0	23.08	BayesPrism
X457230_2	0.09	0.0	8.42	0.0	10.62	0.0	0.0	0.67	20.85	0.0	0.01	0.95	0.0	0.0	0.07	0.0	36.78	0.0	0.03	0.0	0.0	0.0	0.0	0.0	0.0	0.0	0.0	2.71	0.0	18.78	BayesPrism
X319860_2	0.0	0.0	0.0	0.0	3.39	11.46	0.19	0.06	41.45	0.0	0.0	0.19	0.0	0.14	3.75	0.03	0.0	0.0	0.04	0.02	0.0	0.01	0.0	0.0	0.0	22.11	0.01	1.46	0.0	15.66	BayesPrism
X141956_2	4.37	0.0	12.56	0.0	11.6	0.0	0.0	0.35	22.55	0.1	0.0	0.02	0.0	0.0	1.03	0.0	24.91	0.0	0.02	0.0	0.0	0.0	0.0	0.0	0.0	0.01	0.0	2.34	0.0	20.11	BayesPrism
X254685_1	0.0	0.0	0.0	0.0	0.54	26.75	0.45	0.0	44.47	0.0	0.0	0.0	0.02	0.0	0.0	0.09	0.0	0.0	0.0	1.6	0.0	0.06	0.0	0.17	0.0	6.69	0.01	0.83	0.0	18.26	BayesPrism
X250475_1	0.0	0.0	20.27	0.0	10.43	0.0	0.0	0.0	9.41	0.0	0.03	0.0	0.0	0.0	0.0	0.0	37.22	0.0	0.0	0.0	0.0	0.0	0.0	0.0	0.0	0.0	0.0	1.72	0.0	20.9	BayesPrism
X235246_2	0.39	0.0	0.0	0.0	8.14	15.87	0.0	0.43	37.55	0.04	0.01	2.35	0.0	0.0	8.22	0.0	0.01	0.0	0.01	0.0	0.0	0.0	0.0	0.12	0.0	0.01	0.0	1.44	0.0	25.39	BayesPrism
X121329_2	6.55	0.0	0.63	0.0	10.47	0.0	0.0	1.0	32.9	0.0	0.02	2.94	0.0	0.0	1.0	0.06	23.19	0.0	0.01	0.0	0.0	0.0	0.0	0.0	0.0	0.01	0.0	3.06	0.0	18.15	BayesPrism
X455648_1	1.01	0.0	0.32	0.0	10.75	0.0	0.0	0.13	24.25	0.0	0.0	2.0	0.0	0.0	11.02	0.0	30.91	0.0	0.0	0.0	0.0	0.0	0.0	0.0	0.0	0.0	0.0	3.4	0.0	16.19	BayesPrism
X334129_1	0.0	0.0	0.01	0.0	6.9	0.0	0.13	0.01	23.49	0.0	0.0	1.54	0.0	0.0	1.23	0.0	27.21	0.13	0.06	0.01	0.0	0.0	0.0	0.0	0.0	25.91	0.0	3.24	0.0	10.12	BayesPrism
X456050_1	0.0	0.0	3.44	0.0	2.42	0.0	0.36	0.02	19.6	0.0	0.0	0.02	0.0	0.0	0.0	0.0	13.66	1.13	0.06	7.26	0.0	0.0	0.0	0.0	0.0	40.16	0.0	0.79	0.0	11.06	BayesPrism
X316949_1	0.0	0.0	0.0	0.0	0.22	0.0	0.81	0.0	21.19	0.0	0.0	0.01	0.0	0.01	0.0	0.0	0.0	0.0	0.06	11.17	0.0	0.0	0.0	0.0	0.0	49.31	0.0	1.09	0.0	16.08	BayesPrism
X149589_1	1.18	0.0	0.7	0.0	11.52	0.0	0.0	1.3	23.91	0.0	0.0	5.16	0.0	0.0	4.15	0.02	31.93	0.0	0.0	0.0	0.0	0.0	0.0	0.0	0.0	0.0	0.0	3.31	0.0	16.8	BayesPrism
X339832_2	0.0	0.0	15.13	0.0	8.55	0.0	0.0	0.0	9.32	0.0	0.06	0.0	0.0	0.0	0.0	0.0	47.3	0.0	0.02	0.0	0.0	0.0	0.0	0.0	0.0	0.01	0.0	2.83	0.0	16.76	BayesPrism
X108445_1	8.67	0.0	0.24	0.0	7.71	0.01	0.0	0.34	39.87	0.0	0.01	3.9	0.0	0.0	2.89	0.0	10.38	0.0	0.0	0.0	0.0	0.0	0.0	0.0	0.0	5.98	0.0	2.07	0.0	17.91	BayesPrism
X406755_1	0.0	0.01	0.0	0.01	3.1	18.29	0.34	0.11	45.79	0.0	0.0	0.0	0.0	0.05	1.17	0.01	0.0	0.0	0.02	0.38	0.0	0.01	0.01	0.04	0.0	16.29	0.01	1.97	0.0	12.38	BayesPrism
X184204_1	0.0	0.0	0.0	0.0	3.11	25.77	0.0	0.01	46.76	0.0	0.0	0.0	0.0	0.04	3.88	0.03	0.0	0.0	0.0	0.01	0.0	0.02	0.0	0.04	0.0	2.07	0.0	1.42	0.0	16.8	BayesPrism
X253823_1	4.92	0.0	0.0	0.0	7.34	4.96	0.04	1.83	36.9	0.0	0.0	3.44	0.0	0.0	8.82	0.0	0.23	0.0	0.04	0.0	0.0	0.02	0.0	0.0	0.0	3.01	0.0	3.03	0.0	25.4	BayesPrism
X138919_1	0.01	0.0	0.01	0.0	5.86	0.0	0.29	0.01	20.14	0.0	0.0	1.53	0.0	0.0	2.01	0.0	16.99	0.66	0.07	4.07	0.0	0.0	0.0	0.0	0.0	34.32	0.0	2.27	0.0	11.75	BayesPrism
X454195_2	12.0	0.0	0.0	0.0	6.28	0.06	0.0	0.82	45.43	0.0	0.0	2.56	0.09	0.0	2.08	0.34	5.88	0.0	0.02	0.0	0.0	0.0	0.0	0.02	0.0	6.69	0.0	3.68	0.0	14.02	BayesPrism
X313204_2	0.0	0.0	0.05	0.0	2.36	0.0	0.3	0.0	18.44	0.0	0.0	0.31	0.0	0.0	0.01	0.0	13.2	1.41	0.04	9.27	0.0	0.0	0.0	0.0	0.0	45.51	0.0	1.1	0.0	7.96	BayesPrism
X141218_1	0.04	0.0	11.54	0.0	12.55	0.0	0.0	0.02	13.08	0.0	0.0	0.0	0.0	0.0	2.77	0.0	36.89	0.0	0.0	0.0	0.0	0.0	0.0	0.0	0.0	0.0	0.0	2.57	0.0	20.52	BayesPrism
X320238_2	0.0	0.0	0.0	0.0	3.58	29.15	0.01	0.08	42.68	0.0	0.0	0.0	0.0	0.0	0.0	0.02	0.0	0.0	0.0	0.0	0.0	0.04	0.0	0.08	0.0	0.01	0.0	1.97	0.0	22.35	BayesPrism
X194785_2	0.0	0.01	0.0	0.0	3.07	21.08	0.01	0.26	47.37	0.0	0.0	0.0	0.0	0.06	6.86	0.12	0.0	0.0	0.03	0.0	0.0	0.04	0.01	0.02	0.0	4.63	0.01	0.28	0.0	16.14	BayesPrism
X212444_1	0.01	0.0	10.06	0.0	13.95	0.0	0.0	0.46	13.53	0.01	0.0	0.29	0.0	0.0	2.2	0.0	42.58	0.0	0.0	0.0	0.0	0.0	0.0	0.0	0.0	0.0	0.0	3.33	0.0	13.57	BayesPrism
X170689_1	1.07	0.0	8.69	0.0	12.9	0.0	0.0	0.38	19.43	0.01	0.0	0.91	0.0	0.0	6.7	0.0	29.52	0.0	0.0	0.0	0.0	0.0	0.0	0.0	0.0	0.0	0.0	1.99	0.0	18.38	BayesPrism
X401187_2	0.17	0.0	0.01	0.03	5.27	16.89	0.01	0.13	41.4	0.04	0.01	2.36	0.0	0.02	4.23	0.01	0.01	0.0	0.0	0.0	0.0	0.01	0.0	0.0	0.0	10.81	0.0	1.09	0.0	17.48	BayesPrism
X490522_1	0.36	0.0	1.32	0.0	11.42	0.0	0.0	0.16	22.02	0.0	0.0	2.97	0.0	0.0	6.79	0.0	35.89	0.0	0.01	0.0	0.0	0.0	0.0	0.0	0.0	0.0	0.0	3.63	0.0	15.41	BayesPrism
X294171_1	0.02	0.0	9.55	0.0	12.78	0.0	0.0	0.16	11.5	0.0	0.0	0.0	0.0	0.0	13.29	0.0	33.81	0.0	0.02	0.0	0.0	0.0	0.0	0.0	0.0	0.0	0.0	1.08	0.0	17.77	BayesPrism
X384886_2	0.0	0.0	0.0	0.0	0.0	0.0	2.41	0.0	14.62	0.0	0.0	0.0	0.0	0.0	0.0	0.0	0.0	0.56	0.02	23.7	0.0	0.04	0.0	0.01	0.0	48.12	0.01	0.15	0.0	10.34	BayesPrism
X406636_1	3.93	0.0	0.01	0.01	6.91	11.37	0.0	1.43	41.02	0.0	0.0	3.72	0.0	0.0	3.11	0.0	0.1	0.0	0.0	0.0	0.0	0.08	0.0	0.0	0.0	8.37	0.0	0.91	0.0	19.0	BayesPrism
X293901_1	1.37	0.0	7.45	0.0	12.64	0.0	0.0	2.07	18.13	0.0	0.01	2.18	0.0	0.0	5.65	0.0	26.47	0.0	0.03	0.0	0.0	0.0	0.0	0.0	0.0	0.0	0.0	1.27	0.0	22.72	BayesPrism
X195443_1	0.0	0.0	0.0	0.02	3.08	13.97	0.24	0.81	43.43	0.01	0.0	1.53	0.0	0.0	0.0	0.0	0.0	0.0	0.03	1.79	0.0	0.01	0.0	0.01	0.0	16.58	0.0	1.75	0.0	16.7	BayesPrism
X490545_1	0.0	0.0	7.63	0.0	6.78	0.0	0.0	0.0	11.46	0.0	0.0	0.01	0.0	0.0	0.0	0.0	45.03	0.0	0.05	0.0	0.0	0.0	0.0	0.0	0.0	7.33	0.0	3.78	0.0	17.89	BayesPrism
X133532_1	0.0	0.0	0.0	0.01	4.76	13.94	0.11	0.26	37.11	0.0	0.0	1.36	0.0	0.21	4.87	0.0	0.01	0.0	0.0	0.01	0.0	0.02	0.0	0.0	0.0	14.03	0.0	1.02	0.0	22.25	BayesPrism
X169395_1	9.6	0.0	0.01	0.0	6.95	1.62	0.0	0.84	42.4	0.0	0.0	3.91	0.0	0.0	4.57	0.01	1.67	0.0	0.0	0.0	0.0	0.02	0.0	0.0	0.0	7.84	0.0	1.84	0.0	18.69	BayesPrism
X346539_1	5.69	0.0	0.01	0.0	8.78	0.0	0.0	0.66	31.15	0.0	0.0	3.57	0.0	0.0	7.43	0.0	20.81	0.0	0.02	0.0	0.0	0.01	0.0	0.0	0.0	0.01	0.0	2.44	0.0	19.41	BayesPrism
X161584_1	0.02	0.0	7.84	0.0	11.53	0.0	0.0	0.04	16.48	0.0	0.01	0.11	0.0	0.0	0.02	0.0	43.28	0.0	0.02	0.0	0.0	0.0	0.0	0.0	0.0	0.0	0.0	4.06	0.0	16.6	BayesPrism
X477841_1	0.01	0.0	11.64	0.0	13.26	0.0	0.0	0.53	11.91	0.0	0.01	0.01	0.0	0.01	3.43	0.0	37.84	0.0	0.06	0.0	0.0	0.0	0.0	0.0	0.0	0.0	0.0	2.63	0.0	18.65	BayesPrism
X464537_2	0.0	0.0	0.0	0.0	0.0	0.0	1.01	0.0	3.5	0.0	0.0	0.0	0.0	0.0	0.0	0.0	0.0	0.0	0.0	21.53	0.0	0.0	0.0	0.0	0.0	58.51	0.0	0.18	0.0	15.23	BayesPrism
X205623_2	0.01	0.0	0.01	0.01	6.6	18.9	0.21	0.28	39.1	0.01	0.0	1.54	0.0	0.0	0.12	0.01	0.01	0.0	0.01	0.09	0.0	0.01	0.0	0.01	0.0	10.59	0.0	2.21	0.0	20.28	BayesPrism
X197072_2	2.62	0.0	0.05	0.0	10.62	0.0	0.0	0.25	24.93	0.0	0.0	4.68	0.0	0.0	2.75	0.0	32.69	0.0	0.0	0.0	0.0	0.0	0.0	0.0	0.0	0.01	0.0	3.56	0.0	17.83	BayesPrism
X230843_2	0.0	0.0	0.0	0.0	3.76	14.8	0.5	0.36	34.99	0.0	0.0	0.01	0.0	0.25	5.22	0.01	0.0	0.0	0.04	2.06	0.0	0.02	0.0	0.01	0.0	17.59	0.0	2.92	0.0	17.43	BayesPrism
X443078_1	0.01	0.0	7.19	0.0	8.62	0.0	0.04	0.08	13.64	0.0	0.01	0.01	0.0	0.0	0.0	0.0	37.29	0.48	0.03	0.01	0.0	0.0	0.0	0.0	0.0	12.97	0.0	1.55	0.0	18.06	BayesPrism
X415120_1	0.0	0.0	0.05	0.0	1.49	0.0	0.71	0.0	19.34	0.0	0.0	0.61	0.0	0.0	0.0	0.0	9.95	1.16	0.14	10.48	0.0	0.0	0.0	0.0	0.0	47.2	0.0	2.66	0.0	6.21	BayesPrism
X339444_1	0.0	0.0	0.0	0.01	1.91	14.56	1.68	0.01	34.04	0.0	0.0	0.0	0.0	0.01	0.01	0.02	0.0	0.0	0.04	4.31	0.0	0.07	0.0	0.01	0.0	25.75	0.01	1.07	0.0	16.47	BayesPrism
X455697_1	0.0	0.0	0.0	0.0	1.26	26.85	0.01	0.0	49.21	0.0	0.0	0.0	0.0	0.02	0.01	0.01	0.0	0.0	0.03	0.01	0.0	0.07	0.0	0.03	0.0	3.61	0.0	1.88	0.0	16.96	BayesPrism
X122540_2	0.0	0.0	15.42	0.0	8.55	0.0	0.0	0.0	10.33	0.0	0.01	0.0	0.0	0.0	0.0	0.0	44.72	0.0	0.05	0.0	0.0	0.0	0.0	0.0	0.0	1.09	0.0	2.11	0.0	17.69	BayesPrism
X309805_2	0.01	0.0	0.01	0.0	5.63	19.28	0.01	0.06	39.07	0.01	0.0	1.89	0.0	0.0	3.86	0.01	0.0	0.0	0.02	0.0	0.0	0.02	0.0	0.04	0.0	5.47	0.0	2.05	0.0	22.55	BayesPrism
X485310_1	9.55	0.0	0.01	0.0	10.33	0.0	0.0	0.55	34.09	0.0	0.0	4.16	0.0	0.0	6.94	0.0	8.31	0.0	0.01	0.0	0.0	0.02	0.0	0.0	0.0	0.39	0.0	3.77	0.0	21.83	BayesPrism
X328020_1	0.3	0.0	3.99	0.0	11.86	0.0	0.0	1.16	20.48	0.0	0.0	4.91	0.0	0.0	1.45	0.0	34.99	0.0	0.02	0.0	0.0	0.0	0.0	0.0	0.0	0.0	0.0	3.52	0.0	17.3	BayesPrism
X971241_3	0.0	0.0	18.72	0.0	19.9	0.0	0.0	0.0	36.68	0.0	0.0	0.0	0.08	0.0	0.0	0.0	4.44	0.0	0.1	0.66	0.0	0.0	0.0	0.06	0.0	0.0	0.0	10.44	0.0	8.91	MuSiC
X653512_3	0.0	0.0	2.64	0.0	16.67	0.0	12.17	0.0	43.69	0.0	0.0	0.0	3.93	0.0	0.0	0.0	0.05	0.0	0.0	0.03	0.0	0.0	0.0	0.45	0.0	0.0	0.0	7.8	0.0	12.56	MuSiC
X897309_3	0.0	0.0	0.0	0.0	46.15	6.23	0.0	0.0	30.01	4.1	0.0	0.0	0.01	0.07	3.54	0.02	0.0	0.0	0.3	0.0	0.0	0.0	0.0	0.29	0.01	0.0	0.08	1.83	0.0	7.37	MuSiC
X565782_3	7.18	0.0	0.0	0.0	42.87	0.0	0.0	0.0	26.83	3.11	0.0	0.0	1.7	0.32	4.79	0.0	0.64	0.0	0.03	0.0	0.0	0.0	0.0	0.03	0.0	2.65	0.0	0.43	0.0	9.42	MuSiC
X707861_2	0.0	0.0	13.75	0.0	22.4	0.0	0.0	0.0	26.41	0.0	0.0	0.0	0.0	0.0	0.0	0.0	8.59	0.0	0.0	0.0	0.0	0.0	0.0	0.38	0.0	2.5	0.0	7.32	0.0	18.65	MuSiC
X888987_3	0.0	0.0	3.19	0.0	0.0	0.0	0.0	0.0	15.71	0.0	0.0	0.0	0.0	0.0	0.0	0.0	10.71	0.0	0.0	6.03	0.0	0.22	0.0	0.0	0.0	13.41	0.0	11.79	0.0	38.94	MuSiC
X765128_2	8.8	0.0	0.31	0.0	59.85	0.0	0.0	0.0	16.37	0.0	0.0	0.0	0.0	0.0	0.0	0.0	0.0	0.0	0.0	0.0	0.0	0.0	0.0	0.34	0.0	0.0	0.0	6.73	0.0	7.6	MuSiC
X961389_3	0.0	0.0	28.66	0.0	35.11	0.0	0.0	0.0	16.23	0.0	0.0	0.0	0.0	0.0	0.0	0.0	0.0	0.0	0.0	0.0	0.0	0.0	0.0	0.0	0.0	0.0	0.0	8.84	0.0	11.16	MuSiC
X982023_3	2.35	0.0	0.0	0.0	40.99	0.0	0.0	0.0	27.4	5.45	0.0	0.0	2.21	0.12	0.35	0.19	3.26	0.0	0.37	0.0	0.0	0.0	0.14	0.43	0.0	2.22	0.11	4.56	0.0	9.85	MuSiC
X691160_3	0.0	0.0	0.28	0.0	9.78	0.0	3.83	0.0	31.85	3.44	0.0	0.0	1.1	0.0	0.0	0.0	5.11	0.0	0.02	3.73	0.0	0.0	0.0	0.26	0.0	20.95	0.0	9.39	0.0	10.25	MuSiC
X525989_2	0.0	0.0	6.77	0.0	24.88	0.18	14.74	2.88	29.13	0.0	0.0	0.0	0.75	0.0	0.0	0.0	0.0	0.0	0.04	0.0	0.0	0.0	0.0	0.05	0.0	0.04	0.0	4.7	0.0	15.84	MuSiC
X884755_2	0.0	0.0	23.97	0.0	31.52	0.0	0.0	0.0	10.43	0.0	0.0	0.0	0.0	0.0	0.0	0.0	8.31	0.0	0.04	0.0	0.0	0.0	0.0	0.0	0.0	0.0	0.0	9.02	0.05	16.67	MuSiC
X905498_2	2.09	0.0	0.0	0.0	22.2	0.36	20.43	0.0	36.25	0.87	0.0	0.0	0.86	0.0	0.0	0.0	0.0	0.0	0.0	0.0	0.05	0.0	0.0	0.36	0.0	0.0	0.0	4.42	0.0	12.11	MuSiC
X629773_2	0.0	0.0	19.87	0.0	19.76	0.0	0.0	0.0	43.94	0.0	0.0	0.0	0.09	0.0	0.0	0.0	0.27	0.0	0.0	0.82	0.0	0.0	0.0	0.12	0.0	0.28	0.0	5.2	0.0	9.64	MuSiC
X571092_1	0.0	0.0	0.0	0.0	1.18	0.0	0.0	0.0	31.2	0.0	0.0	0.0	0.0	0.0	0.0	0.0	7.42	0.0	0.1	14.36	0.0	0.02	0.0	0.0	0.03	32.64	0.0	10.99	0.01	2.04	MuSiC
X582739_3	0.0	0.0	6.55	0.0	16.79	0.0	14.18	0.0	31.73	0.0	0.0	0.0	1.15	0.0	0.0	0.0	0.0	0.0	0.0	0.0	0.0	0.0	0.0	0.27	0.0	0.0	0.0	11.43	0.0	17.89	MuSiC
X702116_3	0.0	0.0	0.05	0.0	66.42	0.0	0.0	0.0	7.54	0.41	0.0	10.45	0.0	4.48	7.21	0.0	0.04	0.0	0.0	0.0	0.0	0.0	0.0	0.0	0.0	0.0	0.0	0.64	0.0	2.76	MuSiC
X740015_3	2.45	0.0	0.0	0.0	37.46	2.61	0.0	0.0	28.71	5.25	0.0	0.0	2.09	0.0	3.57	0.12	0.0	0.0	0.01	0.0	0.0	0.0	0.0	0.47	0.0	3.72	0.0	3.28	0.0	10.26	MuSiC
X683266_3	6.76	0.0	0.03	0.0	37.64	0.0	0.0	0.0	33.14	2.6	0.0	0.0	0.82	0.03	4.35	0.0	1.37	0.0	0.09	0.0	0.0	0.0	0.0	0.14	0.13	0.74	0.07	2.36	0.0	9.73	MuSiC
X709690_3	0.0	0.0	0.6	0.0	18.13	0.0	6.03	0.0	24.32	4.66	0.0	0.0	0.75	0.0	0.0	0.0	3.86	0.0	0.1	1.06	0.0	0.12	0.0	0.36	0.0	24.81	0.0	4.45	0.0	10.76	MuSiC
X512025_2	11.57	0.0	6.72	0.0	36.18	0.0	0.0	0.0	31.62	0.0	0.0	0.0	0.0	0.0	0.0	0.0	0.0	0.0	0.0	0.0	0.0	0.0	0.0	0.7	0.0	0.0	0.0	5.87	0.0	7.35	MuSiC
X500915_3	0.0	0.0	0.01	0.0	42.54	4.17	0.0	0.0	25.49	2.03	0.0	0.0	0.76	0.08	12.12	0.05	0.0	0.0	0.68	0.0	0.0	0.0	0.0	0.22	0.0	0.0	0.03	1.97	0.0	9.85	MuSiC
X902180_3	0.8	0.0	11.54	0.0	25.57	0.19	0.08	0.0	29.39	0.04	0.0	0.0	0.71	0.0	0.0	0.0	5.01	0.0	0.08	0.0	0.0	0.0	0.0	0.29	0.0	6.74	0.0	8.53	0.0	11.03	MuSiC
X814701_2	8.77	0.0	3.32	0.0	61.26	0.0	0.0	0.16	17.76	0.0	0.0	0.0	0.06	0.0	0.0	0.0	0.0	0.0	0.22	0.0	0.0	0.0	0.0	0.57	0.0	0.0	0.0	2.85	0.0	5.04	MuSiC
X903837_3	0.0	0.0	16.63	0.0	27.76	0.0	0.0	0.0	28.28	0.0	0.0	0.0	0.68	0.0	0.0	0.0	5.56	0.0	0.08	0.79	0.0	0.0	0.0	0.87	0.0	0.0	0.0	6.93	0.0	12.41	MuSiC
X690247_2	0.0	0.0	22.6	0.0	11.51	0.0	0.0	0.0	40.02	0.0	0.0	0.0	2.79	0.0	0.0	0.0	3.46	0.0	0.06	0.0	0.0	0.0	0.0	0.74	0.0	0.68	0.0	9.76	0.0	8.38	MuSiC
X915027_3	0.19	0.0	8.07	0.0	33.59	0.0	8.8	0.0	24.33	0.14	0.0	0.0	0.01	0.0	0.0	0.0	0.0	0.0	0.02	0.0	0.1	0.0	0.0	0.79	0.0	0.0	0.0	8.86	0.0	15.09	MuSiC
X508691_3	0.01	0.0	18.01	0.0	43.93	0.0	0.0	0.0	16.13	0.0	0.0	0.0	0.0	0.0	0.0	0.0	5.35	0.0	0.04	0.0	0.0	0.0	0.0	0.0	0.0	0.1	0.0	9.14	0.0	7.3	MuSiC
X501143_2	0.0	0.0	0.05	0.0	7.94	0.0	27.84	0.0	30.79	0.0	0.0	0.0	0.0	0.0	0.0	0.0	0.0	0.0	0.6	0.0	0.0	0.0	0.0	0.51	0.0	0.0	0.0	6.92	0.0	25.36	MuSiC
X689440_3	1.42	0.0	6.83	0.0	23.72	0.0	3.76	0.0	34.5	0.0	0.0	0.0	2.11	0.0	0.0	0.0	0.0	0.0	0.05	0.04	0.01	0.0	0.0	0.13	0.0	0.0	0.0	9.88	0.0	17.56	MuSiC
X397120_1	0.0	0.0	0.0	0.0	63.12	0.0	0.0	0.0	14.95	0.0	0.0	7.71	0.0	1.88	8.83	0.0	0.08	0.0	0.01	0.0	0.0	0.0	0.0	0.0	0.0	0.04	0.0	1.65	0.0	1.73	MuSiC
X480303_1	0.74	0.0	0.04	0.0	49.08	0.0	0.0	0.0	26.06	0.87	0.0	0.0	0.23	2.92	17.64	0.01	0.0	0.0	0.0	0.0	0.0	0.0	0.0	0.0	0.0	0.0	0.0	0.24	0.0	2.17	MuSiC
X255058_2	0.0	0.0	4.6	0.0	33.0	0.0	0.0	0.0	14.75	0.0	0.0	8.9	0.0	0.0	0.0	0.0	22.28	0.0	0.0	0.0	0.0	0.0	0.0	0.0	0.06	7.47	0.0	3.0	0.0	5.95	MuSiC
X253665_1	0.01	0.0	8.66	0.0	49.84	0.0	0.0	0.0	13.44	0.0	0.0	0.02	0.0	0.68	21.98	0.0	0.22	0.0	0.02	0.0	0.0	0.0	0.0	0.0	0.0	0.0	0.0	3.73	0.0	1.4	MuSiC
X103651_1	0.0	0.0	0.0	0.0	23.17	0.0	0.0	0.0	12.74	0.0	0.0	0.0	0.0	0.0	0.0	0.0	1.23	0.0	0.17	0.0	0.0	0.0	0.0	0.0	7.93	37.58	0.0	9.42	0.03	7.72	MuSiC
X291886_1	1.65	0.0	3.22	0.0	54.94	0.0	0.0	0.0	20.37	2.53	0.0	0.34	0.13	0.08	9.93	0.0	0.05	0.0	0.0	0.0	0.0	0.0	0.0	0.0	0.0	0.0	0.0	2.69	0.0	4.04	MuSiC
X229182_1	0.0	0.0	8.9	0.0	52.91	0.0	0.0	0.0	20.08	0.09	0.0	1.49	0.0	0.0	11.22	0.0	0.13	0.0	0.05	0.0	0.0	0.0	0.0	0.0	0.0	0.0	0.0	2.44	0.0	2.7	MuSiC
X277408_1	0.0	0.0	0.0	0.0	65.46	0.0	0.0	0.0	12.32	0.0	0.0	0.0	0.49	2.65	14.36	0.01	0.0	0.0	0.0	0.0	0.0	0.0	0.0	0.0	0.0	0.0	0.0	0.22	0.0	4.49	MuSiC
X434662_2	0.0	0.0	10.36	0.0	57.1	0.0	0.0	0.0	20.01	0.0	0.0	4.9	0.02	0.46	0.03	0.0	0.14	0.0	0.37	0.0	0.0	0.0	0.0	0.0	0.0	0.0	0.0	4.24	0.0	2.37	MuSiC
X405912_2	0.0	0.0	0.06	0.0	38.37	0.0	0.0	0.0	9.9	3.86	0.0	3.7	0.0	0.71	8.56	0.0	11.07	0.0	0.33	0.0	0.0	0.0	0.0	0.0	0.0	8.25	0.0	2.72	0.0	12.48	MuSiC
X406813_1	0.0	0.0	0.0	0.0	76.08	0.0	0.0	0.0	9.67	0.0	0.0	0.0	0.0	4.84	5.37	0.0	0.0	0.0	0.0	0.0	0.0	0.0	0.0	0.0	0.0	0.0	0.0	0.0	0.0	4.04	MuSiC
X457230_2	0.0	0.0	0.0	0.0	48.74	0.0	0.0	0.0	27.7	2.9	0.0	4.21	0.0	1.31	10.72	0.0	0.0	0.0	0.0	0.0	0.0	0.0	0.0	0.0	0.0	0.0	0.0	0.0	0.0	4.42	MuSiC
X319860_2	0.0	0.0	0.0	0.0	34.93	1.78	0.0	0.0	30.88	0.0	0.0	0.0	0.4	0.08	19.07	0.03	0.0	0.0	0.0	0.0	0.0	0.0	0.0	0.2	0.07	5.87	0.21	0.62	0.0	5.85	MuSiC
X141956_2	0.01	0.0	0.04	0.0	49.62	0.0	0.0	0.0	21.86	1.46	0.0	2.59	0.11	11.39	9.95	0.0	0.05	0.0	0.0	0.0	0.0	0.0	0.0	0.0	0.0	0.0	0.0	0.2	0.0	2.72	MuSiC
X254685_1	0.0	0.0	0.0	0.0	31.87	6.63	2.1	0.0	44.32	1.4	0.0	0.0	0.06	0.0	3.12	0.08	0.0	0.0	0.05	0.0	0.0	0.0	0.0	0.43	0.01	2.13	0.15	1.98	0.0	5.68	MuSiC
X250475_1	0.0	0.0	4.09	0.0	53.5	0.0	0.0	0.0	18.95	2.7	0.0	2.91	0.0	2.59	11.28	0.0	0.12	0.0	0.0	0.0	0.0	0.0	0.0	0.0	0.0	0.02	0.0	0.96	0.0	2.88	MuSiC
X235246_2	0.0	0.0	0.0	0.0	47.79	0.08	0.01	0.0	19.62	2.35	0.0	0.0	1.11	0.29	22.83	0.0	0.0	0.0	0.09	0.0	0.0	0.0	0.0	0.13	0.0	0.0	0.11	0.02	0.0	5.57	MuSiC
X121329_2	2.81	0.0	0.06	0.0	44.41	0.16	0.0	0.0	30.43	2.24	0.0	0.0	0.21	0.04	13.87	0.08	0.0	0.0	0.0	0.0	0.0	0.0	0.0	0.04	0.0	0.0	0.0	2.35	0.0	3.3	MuSiC
X455648_1	0.0	0.0	0.0	0.0	71.63	0.0	0.0	0.0	10.86	0.0	0.0	0.0	0.0	3.51	12.65	0.0	0.0	0.0	0.0	0.0	0.0	0.0	0.0	0.0	0.0	0.0	0.0	0.0	0.0	1.34	MuSiC
X334129_1	0.01	0.0	0.01	0.0	37.23	0.0	0.0	0.0	20.02	0.03	0.0	0.0	0.0	0.86	17.44	0.0	6.66	0.0	0.04	0.04	0.0	0.0	0.0	0.0	1.19	10.84	0.0	2.89	0.0	2.75	MuSiC
X456050_1	0.0	0.0	0.05	0.0	23.63	0.0	0.0	0.0	28.97	0.06	0.0	1.47	0.01	0.0	0.0	0.0	23.51	0.0	0.0	0.0	0.0	0.0	0.0	0.0	0.0	13.7	0.0	4.55	0.0	4.04	MuSiC
X316949_1	0.34	0.0	0.0	0.0	31.48	0.0	0.0	0.0	22.0	1.74	0.0	0.0	0.0	0.01	0.0	0.0	1.01	0.0	0.03	0.36	0.0	0.0	0.0	0.01	3.04	21.56	3.42	4.35	0.0	10.66	MuSiC
X149589_1	0.03	0.0	0.96	0.0	65.51	0.0	0.0	0.0	16.08	0.01	0.0	0.0	0.01	2.92	11.21	0.02	0.0	0.0	0.0	0.0	0.0	0.0	0.0	0.0	0.0	0.0	0.0	0.22	0.0	3.02	MuSiC
X339832_2	0.0	0.0	0.25	0.0	44.72	0.0	0.0	0.0	17.32	0.0	0.0	15.46	0.0	0.0	0.0	0.0	10.2	0.0	0.04	0.0	0.0	0.0	0.0	0.0	0.0	2.8	0.0	5.37	0.0	3.83	MuSiC
X108445_1	0.0	0.0	0.0	0.09	50.87	5.67	0.0	0.0	29.91	0.08	0.0	0.37	0.54	0.46	6.92	0.0	0.0	0.0	0.0	0.0	0.0	0.0	0.0	0.04	0.0	0.04	0.0	0.87	0.0	4.14	MuSiC
X406755_1	0.0	0.0	0.0	0.0	31.43	3.49	0.0	0.0	39.54	4.39	0.0	0.0	0.68	0.01	12.94	0.0	0.0	0.0	0.04	0.0	0.0	0.0	0.0	0.26	0.01	0.34	3.68	0.26	0.0	2.94	MuSiC
X184204_1	0.0	0.0	0.0	0.0	41.42	0.04	0.05	0.0	33.29	1.13	0.0	0.0	0.31	0.07	18.8	0.0	0.0	0.0	0.0	0.0	0.0	0.0	0.0	0.29	0.0	0.0	0.2	0.2	0.0	4.18	MuSiC
X253823_1	1.07	0.0	0.0	0.0	50.41	0.0	0.0	0.0	18.7	0.0	0.0	0.0	0.0	0.27	21.2	0.0	0.0	0.0	0.01	0.0	0.0	0.0	0.0	0.07	0.0	0.0	0.0	0.0	0.0	8.27	MuSiC
X138919_1	0.0	0.0	0.03	0.0	37.66	0.0	0.0	0.0	17.22	0.59	0.0	0.0	0.01	0.05	19.14	0.0	5.95	0.0	0.03	0.0	0.0	0.0	0.0	0.0	0.17	12.46	0.0	2.65	0.0	4.05	MuSiC
X454195_2	1.08	0.0	0.02	0.0	42.79	0.16	0.0	0.0	40.06	0.62	0.0	0.0	0.12	0.1	11.46	0.46	0.0	0.0	0.11	0.0	0.0	0.0	0.0	0.19	0.0	0.0	0.03	0.81	0.0	1.99	MuSiC
X313204_2	0.0	0.0	0.0	0.0	33.04	0.0	0.0	0.0	19.19	0.02	0.0	0.0	0.0	0.03	4.18	0.0	26.61	0.0	0.0	0.0	0.0	0.0	0.0	0.0	0.11	9.5	0.0	3.31	0.0	4.02	MuSiC
X141218_1	0.01	0.0	0.04	0.0	51.57	0.0	0.0	0.0	12.56	0.66	0.0	0.0	0.0	14.08	17.0	0.0	0.09	0.0	0.0	0.0	0.0	0.0	0.0	0.0	0.0	0.0	0.0	0.66	0.0	3.32	MuSiC
X320238_2	0.0	0.0	0.0	0.0	42.15	2.38	0.06	0.0	36.11	2.43	0.0	0.0	0.73	0.05	7.3	0.0	0.0	0.0	0.02	0.0	0.0	0.0	0.0	0.18	0.0	0.0	0.1	1.38	0.0	7.09	MuSiC
X194785_2	0.0	0.0	0.0	0.0	39.43	0.12	0.0	0.0	29.82	0.0	0.0	0.0	0.3	0.07	26.09	0.08	0.0	0.0	0.0	0.0	0.0	0.0	0.0	0.13	0.0	0.0	0.25	0.0	0.0	3.7	MuSiC
X212444_1	0.0	0.0	0.07	0.0	64.57	0.0	0.0	0.0	7.87	0.4	0.0	0.0	0.0	7.85	17.91	0.0	0.04	0.0	0.0	0.0	0.0	0.0	0.0	0.0	0.0	0.0	0.0	0.21	0.0	1.08	MuSiC
X170689_1	0.0	0.0	0.04	0.0	74.83	0.0	0.0	0.0	12.31	1.72	0.0	0.0	0.0	4.93	4.71	0.02	0.0	0.0	0.0	0.0	0.0	0.0	0.0	0.0	0.0	0.0	0.0	0.23	0.0	1.22	MuSiC
X401187_2	0.0	0.0	0.0	0.0	41.04	0.23	0.0	0.0	30.82	1.94	0.0	0.0	0.82	0.83	19.82	0.0	0.0	0.0	0.0	0.0	0.0	0.0	0.0	0.12	0.0	0.05	0.0	0.07	0.0	4.25	MuSiC
X490522_1	0.0	0.0	0.0	0.0	71.49	0.0	0.0	0.0	13.34	0.0	0.0	0.0	0.0	4.84	9.3	0.0	0.0	0.0	0.0	0.0	0.0	0.0	0.0	0.0	0.0	0.0	0.0	0.0	0.0	1.03	MuSiC
X294171_1	0.0	0.0	0.0	0.0	83.7	0.0	0.0	0.0	1.41	0.0	0.0	0.0	0.0	0.44	13.46	0.0	0.0	0.0	0.0	0.0	0.0	0.0	0.0	0.0	0.0	0.0	0.0	0.0	0.0	0.98	MuSiC
X384886_2	0.0	0.0	0.0	0.0	10.26	0.0	0.0	0.0	23.96	0.2	0.0	0.0	0.02	0.0	0.0	0.0	4.18	0.0	0.12	1.26	0.0	0.01	0.0	0.18	1.98	40.91	0.0	10.4	0.0	6.53	MuSiC
X406636_1	3.93	0.0	0.0	0.0	47.49	0.0	0.0	0.0	31.52	1.9	0.0	0.0	0.73	0.06	12.27	0.02	0.0	0.0	0.01	0.0	0.0	0.0	0.0	0.06	0.0	0.0	0.0	0.0	0.0	2.01	MuSiC
X293901_1	0.0	0.0	0.0	0.0	55.08	0.0	0.0	0.0	13.14	1.18	0.0	0.0	0.03	5.92	21.55	0.0	0.0	0.0	0.0	0.0	0.0	0.0	0.0	0.0	0.0	0.0	0.0	0.13	0.0	2.96	MuSiC
X195443_1	0.0	0.0	0.04	0.02	27.49	7.1	0.0	0.0	47.85	5.19	0.0	0.0	0.76	0.0	0.29	0.0	0.0	0.0	0.09	0.0	0.0	0.0	0.0	0.14	0.15	3.2	0.87	2.65	0.0	4.17	MuSiC
X490545_1	0.0	0.0	5.27	0.0	41.12	0.0	0.0	0.0	16.41	0.12	0.0	3.68	0.0	0.0	0.0	0.0	11.25	0.0	0.0	0.0	0.0	0.0	0.0	0.0	0.13	7.25	0.0	4.62	0.0	10.16	MuSiC
X133532_1	4.7	0.0	0.0	0.0	37.95	0.04	0.0	0.0	25.19	0.79	0.0	0.0	0.32	0.08	20.08	0.0	0.0	0.0	0.05	0.0	0.0	0.0	0.0	0.07	0.0	1.59	0.08	0.08	0.0	8.99	MuSiC
X169395_1	1.19	0.0	0.0	0.0	49.85	0.0	0.0	0.0	30.64	0.23	0.0	0.0	1.28	5.48	8.38	0.01	0.0	0.0	0.0	0.0	0.0	0.0	0.0	0.04	0.0	0.0	0.0	0.0	0.0	2.91	MuSiC
X346539_1	0.03	0.0	0.04	0.0	59.08	0.0	0.0	0.0	18.27	0.0	0.0	0.0	0.21	2.12	17.52	0.0	0.0	0.0	0.0	0.0	0.0	0.0	0.0	0.0	0.0	0.0	0.0	0.6	0.0	2.13	MuSiC
X161584_1	0.0	0.0	0.11	0.0	48.42	0.0	0.0	0.01	17.63	0.12	0.0	5.41	0.0	6.14	15.35	0.0	0.07	0.0	0.0	0.0	0.0	0.0	0.0	0.0	0.0	0.0	0.0	1.13	0.0	5.6	MuSiC
X477841_1	0.0	0.0	2.73	0.0	71.12	0.0	0.0	0.0	11.18	0.0	0.0	0.0	0.04	0.33	11.89	0.0	0.04	0.0	0.05	0.0	0.0	0.0	0.0	0.0	0.0	0.0	0.0	0.68	0.0	1.94	MuSiC
X464537_2	0.0	0.0	0.0	0.0	25.83	0.0	0.0	0.0	5.82	0.0	0.0	0.0	0.01	0.0	4.64	0.0	6.18	0.0	0.06	0.62	0.0	0.0	0.0	0.0	7.46	33.57	0.0	7.88	0.0	7.94	MuSiC
X205623_2	0.1	0.0	0.0	0.0	35.45	11.62	0.0	0.0	36.19	3.84	0.0	0.0	0.15	0.0	0.25	0.01	0.0	0.0	0.3	0.0	0.0	0.0	0.0	0.24	0.0	1.3	2.89	1.81	0.0	5.85	MuSiC
X197072_2	3.79	0.0	1.77	0.0	52.5	0.0	0.0	0.0	17.58	0.96	0.0	0.0	0.17	0.37	16.76	0.0	0.07	0.06	0.0	0.0	0.0	0.0	0.0	0.0	0.0	0.0	0.01	2.26	0.0	3.7	MuSiC
X230843_2	0.9	0.0	0.0	0.0	38.84	2.56	0.0	0.0	24.94	0.0	0.0	0.0	0.01	0.03	24.07	0.01	0.0	0.0	0.32	0.0	0.0	0.0	0.0	0.2	0.01	1.56	0.15	1.36	0.0	5.05	MuSiC
X443078_1	0.0	0.0	0.0	0.0	45.53	0.0	0.0	0.0	14.7	4.63	0.0	0.02	0.0	3.24	4.9	0.0	13.34	0.0	0.0	0.0	0.0	0.0	0.0	0.0	0.0	6.1	0.0	1.94	0.0	5.58	MuSiC
X415120_1	0.0	0.0	0.02	0.0	26.44	0.0	0.0	0.0	22.95	0.7	0.0	0.0	0.0	0.0	0.0	0.0	21.11	0.0	0.01	0.04	0.0	0.0	0.0	0.0	3.22	16.51	0.0	5.73	0.0	3.28	MuSiC
X339444_1	0.01	0.0	0.0	0.0	33.99	2.45	4.97	0.0	34.65	1.16	0.0	0.0	0.12	0.0	2.66	0.05	1.41	0.0	0.09	0.0	0.01	0.0	0.26	0.19	0.0	9.02	1.47	1.54	0.0	5.95	MuSiC
X455697_1	0.0	0.0	0.0	0.0	34.63	2.78	0.03	0.0	43.51	0.36	0.0	0.0	0.46	0.04	11.13	0.09	0.0	0.0	0.02	0.0	0.0	0.0	0.0	0.29	0.0	0.0	0.24	0.94	0.0	5.48	MuSiC
X122540_2	0.0	0.0	10.25	0.0	48.64	0.0	0.0	0.0	15.25	0.0	0.0	0.05	0.0	0.0	0.0	0.0	18.75	0.03	0.05	0.0	0.0	0.0	0.0	0.0	0.0	0.05	0.0	3.33	0.0	3.6	MuSiC
X309805_2	0.97	0.0	0.0	0.0	46.54	0.24	0.0	0.0	30.25	0.13	0.0	0.0	0.02	4.4	11.9	0.01	0.0	0.0	0.07	0.0	0.0	0.0	0.0	0.1	0.0	0.02	0.07	0.42	0.0	4.87	MuSiC
X485310_1	0.04	0.0	0.02	0.0	51.54	0.0	0.0	0.0	20.15	1.17	0.0	0.0	0.01	0.44	21.9	0.0	0.0	0.0	0.22	0.0	0.0	0.0	0.0	0.04	0.0	0.0	0.04	0.62	0.0	3.82	MuSiC
X328020_1	0.0	0.0	0.0	0.0	54.88	0.0	0.0	0.0	18.02	4.75	0.0	0.0	0.0	0.75	19.5	0.0	0.0	0.0	0.0	0.0	0.0	0.0	0.0	0.0	0.0	0.0	0.0	0.0	0.0	2.09	MuSiC
971241_3	0.0	0.0	0.0	5.65	19.46	3.64	0.0	0.09	26.51	0.0	1.5	0.0	0.1	0.29	29.12	0.0	0.0	0.0	0.08	0.0	0.0	0.0	0.0	0.11	0.0	4.25	0.06	0.88	0.0	8.26	CIBERSORTx
653512_3	0.0	0.17	0.0	7.3	15.37	1.65	0.0	0.14	26.39	0.0	2.08	1.37	0.06	0.22	29.53	0.0	0.0	0.0	0.06	0.0	0.02	0.0	0.0	0.67	0.0	0.07	0.05	0.74	0.0	14.1	CIBERSORTx
897309_3	0.0	0.17	0.0	7.57	14.53	3.41	0.0	0.13	33.68	0.0	0.48	0.21	0.05	0.21	26.7	0.0	0.0	0.0	0.08	0.0	0.0	0.0	0.0	0.21	0.0	2.07	0.05	1.21	0.0	9.25	CIBERSORTx
565782_3	0.21	0.0	0.0	5.09	16.18	0.46	0.0	0.06	27.27	0.0	0.0	1.51	0.05	0.24	29.01	0.0	0.0	0.0	0.06	0.0	0.0	0.0	0.0	0.15	0.0	9.38	0.05	0.51	0.0	9.77	CIBERSORTx
707861_2	0.0	0.0	0.0	5.63	16.71	0.73	0.0	0.08	24.99	0.0	0.0	0.36	0.06	0.26	25.84	0.0	0.0	0.0	0.07	0.0	0.0	0.0	0.0	0.03	0.47	11.52	0.05	0.55	0.0	12.68	CIBERSORTx
888987_3	0.0	0.0	0.0	5.69	13.3	0.46	0.0	0.09	24.61	0.46	0.0	0.0	0.0	0.1	20.86	0.0	0.0	0.0	0.07	0.0	0.0	0.0	0.0	0.05	2.18	17.72	0.04	0.47	0.0	13.9	CIBERSORTx
765128_2	0.0	0.21	0.0	5.57	18.35	1.58	0.0	0.0	18.94	0.0	4.4	1.52	0.07	0.27	31.75	0.0	0.0	0.0	0.09	0.0	0.01	0.0	0.0	0.06	0.0	0.0	0.07	1.77	0.0	15.36	CIBERSORTx
961389_3	0.0	0.24	0.0	7.75	21.25	2.67	0.0	0.22	12.13	0.0	4.17	0.22	0.0	0.31	32.81	0.34	0.0	0.0	0.09	0.0	0.01	0.0	0.0	0.15	0.0	0.0	0.06	1.87	0.0	15.7	CIBERSORTx
982023_3	0.0	0.0	0.0	6.08	14.97	0.38	0.0	0.07	29.12	0.0	0.0	1.14	0.06	0.09	30.7	0.09	0.0	0.0	0.17	0.0	0.0	0.0	0.0	0.3	0.0	7.57	0.05	0.53	0.0	8.69	CIBERSORTx
691160_3	0.0	0.0	0.0	6.55	15.67	2.19	0.0	0.11	22.06	0.0	0.0	0.64	0.06	0.18	25.46	0.04	0.0	0.0	0.07	0.0	0.0	0.0	0.0	0.27	0.0	21.36	0.05	0.53	0.0	4.76	CIBERSORTx
525989_2	0.0	0.0	0.0	5.61	17.06	0.6	0.0	0.1	20.44	0.0	3.23	0.0	0.08	0.27	29.64	0.0	0.0	0.04	0.01	0.0	0.02	0.0	0.0	0.07	0.0	0.0	0.06	0.59	0.0	22.17	CIBERSORTx
884755_2	0.0	0.0	0.0	6.04	21.57	3.22	0.0	0.11	10.21	0.0	5.54	0.41	0.0	0.29	28.97	0.0	0.0	0.0	0.0	0.0	0.02	0.0	0.03	0.08	0.0	0.0	0.07	1.11	0.01	22.31	CIBERSORTx
905498_2	0.0	0.0	0.0	3.69	14.56	1.74	0.0	0.15	27.61	0.0	0.0	2.06	0.06	0.25	29.85	0.0	0.0	0.0	0.07	0.0	0.0	0.0	0.0	0.35	0.0	0.52	0.06	1.27	0.0	17.78	CIBERSORTx
629773_2	0.0	0.0	0.0	7.83	18.04	2.62	0.0	0.09	30.34	0.0	0.91	1.1	0.1	0.27	25.37	0.0	0.0	0.0	0.07	0.0	0.0	0.0	0.0	0.11	0.0	4.22	0.06	1.45	0.0	7.44	CIBERSORTx
571092_1	0.0	0.0	0.0	4.17	13.8	3.17	0.0	0.14	27.69	0.0	0.0	0.73	0.06	0.11	18.77	0.0	0.0	0.0	0.08	0.0	0.0	0.0	0.0	0.1	2.3	28.0	0.04	0.5	0.0	0.34	CIBERSORTx
582739_3	0.0	0.2	0.0	3.16	17.72	2.81	0.0	0.38	19.17	0.0	2.47	1.09	0.07	0.2	31.22	0.25	0.0	0.0	0.02	0.0	0.01	0.0	0.0	0.33	0.0	0.0	0.06	0.79	0.0	20.04	CIBERSORTx
702116_3	0.0	0.11	0.0	9.6	20.91	5.15	0.0	0.01	20.33	0.0	3.04	0.35	0.07	0.27	30.64	0.0	0.0	0.0	0.08	0.0	0.04	0.0	0.0	0.15	0.0	1.95	0.06	2.82	0.0	4.41	CIBERSORTx
740015_3	0.0	0.16	0.0	6.4	14.98	1.22	0.0	0.05	27.2	0.0	1.42	0.65	0.06	0.17	27.37	0.0	0.0	0.0	0.1	0.0	0.0	0.0	0.0	0.29	0.0	7.36	0.05	1.15	0.0	11.37	CIBERSORTx
683266_3	0.0	0.0	0.0	7.49	14.88	1.29	0.0	0.0	30.93	0.0	1.33	1.33	0.06	0.23	29.0	0.0	0.37	0.0	0.08	0.0	0.0	0.0	0.0	0.31	0.0	5.79	0.05	1.58	0.0	5.28	CIBERSORTx
709690_3	0.0	0.0	0.0	5.01	16.45	0.71	0.0	0.09	24.12	0.0	0.0	0.8	0.07	0.25	26.42	0.0	0.0	0.0	0.07	0.0	0.0	0.0	0.0	0.23	0.63	17.22	0.05	0.54	0.0	7.32	CIBERSORTx
512025_2	0.0	0.23	0.0	7.76	20.39	3.17	0.0	0.08	23.37	0.0	2.2	0.54	0.0	0.28	29.44	0.0	0.0	0.0	0.09	0.0	0.0	0.0	0.0	0.06	0.0	0.67	0.06	1.53	0.0	10.12	CIBERSORTx
500915_3	0.0	0.12	0.0	4.35	15.05	0.21	0.0	0.1	29.61	0.0	2.21	0.9	0.06	0.22	31.46	0.0	0.0	0.0	0.07	0.0	0.03	0.0	0.0	0.37	0.0	1.27	0.05	1.26	0.0	12.69	CIBERSORTx
902180_3	0.0	0.0	0.0	4.42	19.71	3.04	0.0	0.16	21.78	0.0	1.78	1.31	0.05	0.3	33.05	0.02	0.0	0.0	0.0	0.0	0.0	0.0	0.0	0.2	0.0	0.89	0.06	0.66	0.0	12.56	CIBERSORTx
814701_2	0.0	0.2	0.0	7.61	19.43	6.84	0.0	0.05	19.99	0.0	1.1	0.68	0.08	0.28	33.84	0.0	0.0	0.0	0.09	0.0	0.0	0.0	0.0	0.07	0.0	0.0	0.06	1.51	0.0	8.18	CIBERSORTx
903837_3	0.0	0.0	0.0	3.6	19.57	2.99	0.0	0.03	23.28	0.0	0.53	1.96	0.08	0.3	34.88	0.0	0.22	0.0	0.08	0.0	0.03	0.0	0.0	0.15	0.0	0.15	0.06	1.58	0.0	10.49	CIBERSORTx
690247_2	0.0	0.04	0.0	7.02	19.59	2.32	0.0	0.07	23.7	0.0	1.88	1.03	0.07	0.29	32.18	0.0	0.0	0.0	0.08	0.0	0.03	0.0	0.0	0.05	0.0	1.98	0.06	0.95	0.0	8.65	CIBERSORTx
915027_3	0.0	0.0	0.0	5.37	17.87	3.59	0.0	0.23	14.13	0.0	5.9	0.0	0.0	0.29	30.82	0.0	0.0	0.0	0.03	0.0	0.01	0.0	0.0	0.23	0.0	0.0	0.07	1.44	0.0	20.02	CIBERSORTx
508691_3	0.0	0.0	0.0	5.67	21.87	4.45	0.0	0.05	19.32	0.0	4.23	1.1	0.07	0.28	34.25	0.0	0.0	0.0	0.08	0.0	0.03	0.0	0.0	0.03	0.0	0.19	0.06	1.72	0.0	6.6	CIBERSORTx
501143_2	0.0	0.0	0.0	2.99	16.4	0.93	0.0	0.48	14.5	0.0	3.79	1.65	0.0	0.27	31.48	0.0	0.0	0.0	0.07	0.0	0.02	0.0	0.0	0.43	0.0	0.0	0.06	0.57	0.0	26.35	CIBERSORTx
689440_3	0.0	0.16	0.0	1.6	15.44	3.46	0.0	0.06	21.7	0.0	4.8	1.81	0.07	0.25	26.14	0.07	0.0	0.0	0.07	0.0	0.03	0.0	0.0	0.25	0.0	0.0	0.05	1.35	0.0	22.7	CIBERSORTx
397120_1	0.0	0.1	0.0	7.09	20.16	3.79	0.0	0.01	25.9	0.0	1.93	3.46	0.06	0.26	27.95	0.0	0.0	0.0	0.07	0.0	0.0	0.0	0.0	0.16	0.0	5.64	0.05	2.15	0.0	1.21	CIBERSORTx
480303_1	0.0	0.0	0.0	8.27	17.36	3.59	0.0	0.04	30.54	0.0	1.89	0.76	0.06	0.25	28.94	0.14	0.0	0.0	0.07	0.0	0.03	0.0	0.0	0.16	0.0	4.01	0.05	1.85	0.0	1.99	CIBERSORTx
255058_2	0.0	0.0	0.0	9.92	19.74	1.25	0.0	0.05	23.2	0.0	0.43	0.9	0.07	0.27	29.04	0.0	0.0	0.0	0.08	0.0	0.0	0.0	0.0	0.09	0.0	12.55	0.05	1.94	0.0	0.42	CIBERSORTx
253665_1	0.0	0.13	0.0	9.82	20.14	3.8	0.0	0.06	23.79	0.0	2.43	0.82	0.06	0.25	29.45	0.0	0.0	0.0	0.07	0.0	0.0	0.0	0.0	0.14	0.0	5.74	0.05	2.3	0.0	0.95	CIBERSORTx
103651_1	0.0	0.0	0.0	7.35	12.57	0.0	0.0	0.06	26.58	0.0	0.0	0.0	0.05	0.1	24.8	0.0	0.0	0.0	0.07	0.0	0.0	0.0	0.0	0.14	0.39	24.85	0.04	0.46	0.0	2.54	CIBERSORTx
291886_1	0.0	0.0	0.0	7.93	17.1	3.92	0.0	0.06	29.63	0.0	2.02	0.08	0.06	0.24	28.85	0.0	0.0	0.0	0.06	0.0	0.02	0.0	0.0	0.23	0.0	4.37	0.05	2.01	0.0	3.37	CIBERSORTx
229182_1	0.0	0.17	0.0	8.67	19.95	3.9	0.0	0.02	25.46	0.0	3.01	0.0	0.07	0.26	29.95	0.0	0.0	0.0	0.07	0.0	0.03	0.0	0.0	0.1	0.0	2.11	0.05	2.75	0.0	3.42	CIBERSORTx
277408_1	0.0	0.1	0.0	6.79	16.11	2.4	0.0	0.14	28.1	0.0	2.26	1.31	0.06	0.26	28.87	0.0	0.0	0.0	0.07	0.0	0.03	0.0	0.0	0.29	0.0	1.42	0.05	1.93	0.0	9.81	CIBERSORTx
434662_2	0.0	0.1	0.0	8.82	21.8	3.36	0.0	0.05	22.79	0.0	2.46	1.07	0.06	0.27	31.24	0.0	0.0	0.0	0.07	0.0	0.02	0.0	0.0	0.01	0.0	3.56	0.05	2.85	0.0	1.41	CIBERSORTx
405912_2	0.0	0.0	0.0	9.78	15.35	1.23	0.0	0.07	24.17	0.0	0.0	0.87	0.06	0.25	28.42	0.0	0.0	0.0	0.08	0.0	0.0	0.0	0.0	0.09	0.0	16.35	0.05	1.34	0.0	1.88	CIBERSORTx
406813_1	0.0	0.17	0.0	4.97	18.78	3.24	0.0	0.06	22.56	0.0	4.39	1.49	0.05	0.25	29.69	0.0	0.0	0.0	0.06	0.0	0.04	0.0	0.0	0.19	0.0	0.0	0.05	2.3	0.0	11.71	CIBERSORTx
457230_2	0.0	0.0	0.0	7.37	18.5	2.39	0.0	0.02	28.96	0.0	1.5	2.54	0.06	0.26	27.98	0.0	0.0	0.0	0.07	0.0	0.0	0.0	0.0	0.21	0.0	5.65	0.05	2.08	0.0	2.36	CIBERSORTx
319860_2	0.0	0.0	0.0	5.83	13.36	1.07	0.0	0.05	32.13	0.0	2.02	0.29	0.06	0.1	24.25	0.14	0.0	0.0	0.07	0.0	0.0	0.0	0.0	0.26	0.0	14.58	0.05	1.41	0.0	4.34	CIBERSORTx
141956_2	0.0	0.0	0.0	8.13	17.24	3.88	0.0	0.03	29.42	0.0	2.43	0.13	0.07	0.26	28.45	0.0	0.0	0.0	0.07	0.0	0.04	0.0	0.0	0.2	0.0	3.52	0.05	2.2	0.0	3.86	CIBERSORTx
254685_1	0.0	0.0	0.0	3.08	13.71	1.86	0.0	0.1	31.84	0.0	0.0	1.69	0.08	0.19	30.64	0.0	0.0	0.0	0.06	0.0	0.0	0.0	0.0	0.37	0.0	7.06	0.05	0.48	0.0	8.79	CIBERSORTx
250475_1	0.0	0.2	0.0	7.08	20.47	3.33	0.0	0.0	25.81	0.0	2.65	0.99	0.06	0.26	30.04	0.0	0.0	0.0	0.07	0.0	0.03	0.0	0.0	0.14	0.0	2.74	0.05	2.28	0.0	3.81	CIBERSORTx
235246_2	0.0	0.0	0.0	5.9	15.88	1.18	0.0	0.06	27.98	0.0	3.07	0.28	0.07	0.25	30.82	0.0	0.0	0.0	0.07	0.0	0.04	0.0	0.0	0.36	0.0	1.2	0.05	1.55	0.0	11.23	CIBERSORTx
121329_2	0.0	0.0	0.0	7.85	16.21	0.96	0.0	0.07	33.98	0.0	2.43	1.04	0.06	0.23	27.28	0.04	0.0	0.0	0.06	0.0	0.03	0.0	0.0	0.29	0.0	2.47	0.05	1.74	0.0	5.18	CIBERSORTx
455648_1	0.0	0.04	0.0	8.02	16.04	4.77	0.0	0.0	31.99	0.0	2.57	0.65	0.06	0.23	27.64	0.0	0.0	0.0	0.08	0.0	0.01	0.0	0.0	0.07	0.0	2.09	0.06	1.99	0.0	3.68	CIBERSORTx
334129_1	0.0	0.0	0.0	5.91	14.26	1.59	0.0	0.08	29.79	0.0	1.15	0.79	0.06	0.25	25.16	0.0	0.0	0.0	0.07	0.0	0.0	0.0	0.0	0.15	0.0	19.27	0.05	0.78	0.0	0.63	CIBERSORTx
456050_1	0.0	0.0	0.0	7.63	13.33	1.85	0.0	0.1	26.42	0.0	0.0	0.69	0.06	0.13	26.08	0.0	0.0	0.0	0.09	0.0	0.0	0.0	0.0	0.0	0.94	21.32	0.05	1.05	0.0	0.25	CIBERSORTx
316949_1	0.0	0.0	0.0	8.13	13.12	1.19	0.0	0.06	27.58	0.0	0.0	0.35	0.05	0.08	23.67	0.0	0.0	0.0	0.08	0.0	0.0	0.0	0.0	0.14	0.55	16.8	0.04	0.47	0.0	7.7	CIBERSORTx
149589_1	0.0	0.0	0.0	8.49	19.26	2.64	0.0	0.1	27.94	0.0	2.03	0.67	0.07	0.27	28.48	0.17	0.0	0.0	0.07	0.0	0.0	0.0	0.0	0.19	0.0	2.85	0.05	2.42	0.0	4.3	CIBERSORTx
339832_2	0.0	0.19	0.0	9.71	21.55	3.5	0.0	0.08	23.51	0.0	0.88	0.8	0.0	0.25	26.95	0.0	0.0	0.0	0.08	0.0	0.0	0.0	0.0	0.07	0.0	7.57	0.05	2.17	0.0	2.66	CIBERSORTx
108445_1	0.0	0.0	0.0	6.29	14.85	2.36	0.0	0.06	33.93	0.0	0.46	0.57	0.06	0.22	25.03	0.06	0.0	0.0	0.07	0.0	0.0	0.0	0.0	0.19	0.0	11.49	0.05	1.23	0.0	3.08	CIBERSORTx
406755_1	0.27	0.0	0.0	4.98	14.93	0.33	0.0	0.05	36.61	0.0	1.8	0.52	0.06	0.22	26.96	0.0	0.0	0.0	0.06	0.0	0.01	0.0	0.0	0.37	0.0	6.63	0.05	1.2	0.0	4.96	CIBERSORTx
184204_1	0.0	0.08	0.0	4.96	15.29	2.12	0.0	0.09	31.51	0.0	1.04	0.65	0.06	0.17	28.92	0.0	0.0	0.0	0.07	0.0	0.01	0.0	0.0	0.54	0.0	4.38	0.05	1.52	0.0	8.53	CIBERSORTx
253823_1	0.0	0.17	0.0	2.58	15.03	2.94	0.0	0.1	27.86	0.0	1.37	1.35	0.06	0.24	29.01	0.0	0.0	0.0	0.06	0.0	0.01	0.0	0.0	0.19	0.0	0.06	0.05	1.59	0.0	17.34	CIBERSORTx
138919_1	0.0	0.13	0.0	7.97	14.19	2.95	0.0	0.1	24.4	0.0	0.0	1.12	0.06	0.23	25.57	0.0	0.0	0.0	0.07	0.0	0.0	0.0	0.0	0.16	0.0	20.44	0.05	1.34	0.0	1.22	CIBERSORTx
454195_2	0.0	0.0	0.0	6.58	14.93	1.65	0.0	0.06	36.28	0.0	0.0	0.95	0.27	0.23	27.72	0.81	0.0	0.0	0.07	0.0	0.0	0.0	0.0	0.42	0.0	4.69	0.05	1.7	0.0	3.6	CIBERSORTx
313204_2	0.0	0.19	0.0	8.53	12.72	3.26	0.0	0.14	25.28	0.0	1.07	0.83	0.06	0.13	25.28	0.0	0.0	0.0	0.08	0.0	0.0	0.0	0.0	0.0	0.0	21.78	0.05	0.54	0.0	0.06	CIBERSORTx
141218_1	0.0	0.0	0.0	7.4	19.08	3.09	0.0	0.08	26.19	0.0	2.32	0.82	0.06	0.26	28.97	0.0	0.0	0.0	0.06	0.0	0.01	0.0	0.0	0.22	0.0	4.26	0.05	2.21	0.0	4.91	CIBERSORTx
320238_2	0.0	0.07	0.0	4.57	13.34	2.49	0.0	0.02	34.41	0.0	0.12	0.7	0.05	0.22	27.35	0.0	0.0	0.0	0.06	0.0	0.0	0.0	0.0	0.36	0.0	3.3	0.05	1.19	0.0	11.71	CIBERSORTx
194785_2	0.0	0.16	0.0	3.52	13.2	3.4	0.0	0.05	37.66	0.0	0.55	0.0	0.06	0.21	26.6	0.28	0.0	0.0	0.05	0.0	0.0	0.0	0.0	0.23	0.0	5.21	0.05	0.48	0.0	8.28	CIBERSORTx
212444_1	0.0	0.18	0.0	8.8	19.28	3.84	0.0	0.06	24.94	0.0	2.83	1.17	0.06	0.26	30.9	0.0	0.0	0.0	0.08	0.0	0.0	0.0	0.0	0.03	0.0	2.92	0.05	2.84	0.0	1.77	CIBERSORTx
170689_1	0.0	0.0	0.0	8.37	18.77	3.43	0.0	0.05	29.13	0.0	1.69	0.9	0.07	0.27	29.49	0.0	0.0	0.0	0.07	0.0	0.02	0.0	0.0	0.19	0.0	3.51	0.05	2.13	0.0	1.88	CIBERSORTx
401187_2	0.0	0.0	0.0	5.45	15.92	2.12	0.0	0.04	30.37	0.0	0.67	0.76	0.06	0.25	28.14	0.15	0.0	0.0	0.07	0.0	0.0	0.0	0.0	0.17	0.0	11.24	0.05	1.3	0.0	3.23	CIBERSORTx
490522_1	0.0	0.0	0.0	8.49	17.25	3.85	0.0	0.04	30.47	0.0	1.84	0.46	0.06	0.26	28.22	0.0	0.0	0.0	0.07	0.0	0.0	0.0	0.0	0.21	0.0	4.3	0.05	2.09	0.0	2.36	CIBERSORTx
294171_1	0.0	0.2	0.0	9.09	19.39	3.9	0.0	0.05	25.43	0.0	2.89	1.19	0.06	0.24	28.58	0.0	0.0	0.0	0.07	0.0	0.0	0.0	0.0	0.18	0.0	2.56	0.06	2.2	0.0	3.89	CIBERSORTx
384886_2	0.0	0.0	0.0	6.13	14.2	1.03	0.0	0.1	20.72	0.0	0.0	0.0	0.06	0.11	23.82	0.0	0.0	0.0	0.06	0.0	0.0	0.0	0.0	0.22	1.78	26.03	0.04	1.05	0.0	4.67	CIBERSORTx
406636_1	0.0	0.0	0.0	1.97	17.49	2.25	0.0	0.08	31.76	0.0	0.6	1.94	0.07	0.25	32.47	0.0	0.0	0.0	0.06	0.0	0.0	0.0	0.0	0.26	0.0	6.03	0.05	1.35	0.0	3.35	CIBERSORTx
293901_1	0.0	0.0	0.0	7.93	18.48	2.8	0.0	0.05	26.49	0.0	1.63	0.93	0.07	0.27	28.39	0.0	0.0	0.0	0.07	0.0	0.02	0.0	0.0	0.23	0.0	6.31	0.05	2.27	0.0	4.02	CIBERSORTx
195443_1	0.3	0.17	0.0	5.35	15.31	0.09	0.0	0.07	35.89	0.0	1.07	1.43	0.06	0.22	28.15	0.0	0.0	0.0	0.06	0.0	0.0	0.0	0.0	0.31	0.0	4.95	0.04	1.23	0.0	5.29	CIBERSORTx
490545_1	0.0	0.0	0.0	10.79	17.9	0.9	0.0	0.06	23.18	0.0	0.0	0.0	0.06	0.26	32.3	0.0	0.0	0.0	0.08	0.0	0.0	0.0	0.0	0.07	0.0	11.2	0.06	2.2	0.0	0.93	CIBERSORTx
133532_1	0.0	0.0	0.0	5.32	13.93	2.96	0.0	0.09	24.89	0.0	0.0	1.06	0.06	0.23	31.09	0.0	0.0	0.0	0.07	0.0	0.0	0.0	0.0	0.18	0.0	12.78	0.05	1.29	0.0	5.99	CIBERSORTx
169395_1	0.0	0.0	0.0	4.72	15.37	2.91	0.0	0.0	36.47	0.0	0.69	0.0	0.07	0.25	28.88	0.12	0.01	0.0	0.07	0.0	0.0	0.0	0.0	0.26	0.0	5.69	0.05	1.16	0.0	3.29	CIBERSORTx
346539_1	0.0	0.0	0.0	6.68	15.77	3.44	0.0	0.01	33.02	0.0	2.33	0.31	0.07	0.24	29.0	0.0	0.0	0.0	0.07	0.0	0.03	0.0	0.0	0.17	0.0	3.14	0.05	1.82	0.0	3.86	CIBERSORTx
161584_1	0.0	0.0	0.0	9.13	17.33	3.09	0.0	0.04	26.07	0.0	2.12	0.5	0.06	0.24	29.48	0.0	0.0	0.0	0.06	0.0	0.01	0.0	0.0	0.13	0.0	5.42	0.05	2.47	0.0	3.83	CIBERSORTx
477841_1	0.0	0.15	0.0	8.87	18.58	4.11	0.0	0.04	27.67	0.0	2.7	0.06	0.06	0.35	28.22	0.0	0.0	0.0	0.26	0.0	0.04	0.0	0.0	0.16	0.0	2.84	0.05	2.84	0.0	3.0	CIBERSORTx
464537_2	0.0	0.0	0.0	7.58	12.49	0.64	0.0	0.08	20.23	0.0	0.0	0.09	0.05	0.11	25.44	0.0	0.0	0.0	0.07	0.0	0.0	0.0	0.0	0.05	0.46	25.86	0.04	0.47	0.0	6.35	CIBERSORTx
205623_2	0.0	0.0	0.0	4.28	14.84	1.49	0.0	0.07	30.91	0.0	0.72	1.0	0.06	0.24	28.03	0.0	0.0	0.0	0.07	0.0	0.0	0.0	0.0	0.29	0.0	10.96	0.05	1.25	0.0	5.74	CIBERSORTx
197072_2	0.0	0.0	0.0	7.91	17.48	2.39	0.0	0.06	27.22	0.0	2.0	0.98	0.06	0.25	28.74	0.03	0.0	0.0	0.07	0.0	0.0	0.0	0.0	0.16	0.0	7.58	0.05	2.14	0.0	2.9	CIBERSORTx
230843_2	0.0	0.0	0.0	4.05	15.1	3.23	0.0	0.02	27.7	0.0	0.21	0.35	0.06	0.22	29.08	0.1	0.36	0.0	0.07	0.0	0.0	0.0	0.0	0.42	0.0	11.54	0.04	1.4	0.0	6.06	CIBERSORTx
443078_1	0.0	0.0	0.0	8.4	16.53	2.31	0.0	0.04	24.85	0.0	0.0	0.0	0.07	0.15	27.84	0.0	0.43	0.0	0.08	0.0	0.0	0.0	0.0	0.1	0.0	17.44	0.05	1.46	0.0	0.24	CIBERSORTx
415120_1	0.0	0.0	0.0	8.44	14.98	1.57	0.0	0.08	28.62	0.0	0.0	0.0	0.06	0.2	24.31	0.0	0.0	0.0	0.07	0.0	0.0	0.0	0.0	0.13	0.04	20.04	0.05	1.27	0.0	0.15	CIBERSORTx
339444_1	0.0	0.0	0.0	3.22	13.68	2.72	0.0	0.1	28.74	0.0	0.0	0.63	0.06	0.22	27.52	0.06	0.0	0.0	0.07	0.0	0.0	0.0	0.0	0.14	0.0	18.55	0.04	0.52	0.0	3.71	CIBERSORTx
455697_1	0.0	0.0	0.0	2.35	13.72	1.28	0.0	0.07	35.83	0.0	0.0	1.89	0.06	0.23	28.88	0.0	0.0	0.0	0.07	0.0	0.0	0.0	0.0	0.49	0.0	4.35	0.05	0.8	0.0	9.95	CIBERSORTx
122540_2	0.0	0.0	0.0	10.0	20.59	2.02	0.0	0.03	20.64	0.0	1.02	0.52	0.07	0.27	30.06	0.0	0.0	0.0	0.08	0.0	0.0	0.0	0.0	0.0	0.0	12.02	0.05	2.28	0.0	0.36	CIBERSORTx
309805_2	0.0	0.0	0.0	5.48	15.23	2.61	0.0	0.06	29.33	0.0	2.24	0.9	0.07	0.19	27.1	0.07	0.0	0.0	0.06	0.0	0.03	0.0	0.0	0.39	0.0	5.64	0.04	1.59	0.0	8.98	CIBERSORTx
485310_1	0.0	0.17	0.0	6.36	15.17	2.1	0.0	0.05	32.35	0.0	2.79	1.28	0.07	0.21	27.67	0.0	0.0	0.0	0.07	0.0	0.03	0.0	0.0	0.13	0.0	1.62	0.05	1.61	0.0	8.26	CIBERSORTx
328020_1	0.0	0.18	0.0	8.85	17.71	3.73	0.0	0.04	27.15	0.0	3.45	0.0	0.06	0.25	30.52	0.0	0.0	0.0	0.07	0.0	0.03	0.0	0.0	0.25	0.0	0.0	0.05	2.69	0.0	4.94	CIBERSORTx
971241_3	0.0	0.97	0.0	0.0	51.98	0.0	0.0	0.0	1.47	0.7	3.75	0.0	0.0	1.03	33.72	0.0	0.0	0.0	0.0	0.0	0.07	0.0	0.0	0.0	0.0	0.0	0.18	1.86	0.0	4.28	NNLS
653512_3	0.0	0.74	0.0	0.0	47.26	0.0	0.0	0.0	1.16	0.0	0.8	0.0	0.42	1.84	36.39	0.0	0.0	0.0	0.0	0.0	0.07	0.0	0.0	0.0	0.0	0.0	0.18	1.67	0.0	9.48	NNLS
897309_3	0.0	0.0	0.0	0.91	67.15	0.0	0.0	0.0	2.73	0.0	1.22	0.0	0.09	0.82	17.65	0.0	0.0	0.0	0.0	0.0	0.01	0.0	0.0	0.21	0.0	0.11	0.13	0.53	0.0	8.45	NNLS
565782_3	0.0	0.04	0.0	0.0	63.96	0.0	0.0	0.0	1.94	0.0	0.76	0.0	0.38	1.35	22.65	0.0	0.0	0.0	0.0	0.0	0.02	0.0	0.0	0.06	0.0	0.47	0.14	0.56	0.0	7.68	NNLS
707861_2	0.0	0.54	0.0	0.0	55.07	0.0	0.0	0.0	1.57	0.0	2.29	0.0	0.04	1.14	27.96	0.0	0.0	0.0	0.0	0.0	0.05	0.0	0.0	0.0	0.0	0.22	0.16	1.35	0.0	9.62	NNLS
888987_3	0.0	0.0	0.0	3.71	56.38	0.0	0.0	0.0	4.43	0.0	0.0	0.0	0.27	0.0	20.91	0.06	0.0	0.0	0.0	0.0	0.0	0.0	0.0	0.23	0.0	5.43	0.09	0.45	0.0	8.05	NNLS
765128_2	0.0	0.26	0.0	0.0	60.52	0.0	0.0	0.0	0.0	0.0	0.0	0.0	0.0	1.7	33.68	0.0	0.0	0.0	0.0	0.0	0.08	0.0	0.0	0.0	0.0	0.0	0.16	0.91	0.0	2.68	NNLS
961389_3	0.0	0.46	0.08	0.0	60.33	0.0	0.0	0.0	0.34	0.82	3.03	0.0	0.0	0.73	28.56	0.0	0.0	0.0	0.0	0.0	0.09	0.0	0.0	0.0	0.0	0.0	0.17	1.26	0.0	4.14	NNLS
982023_3	0.0	0.29	0.0	0.0	59.3	0.0	0.0	0.0	1.92	0.0	1.25	0.0	0.5	1.61	27.81	0.0	0.0	0.0	0.0	0.0	0.04	0.0	0.0	0.0	0.0	0.14	0.15	0.87	0.0	6.11	NNLS
691160_3	0.0	0.78	0.73	0.95	50.76	0.0	0.0	0.0	3.13	0.55	3.16	0.0	0.32	0.69	29.69	0.0	0.0	0.0	0.0	0.0	0.03	0.0	0.0	0.14	0.0	1.03	0.18	1.73	0.0	6.13	NNLS
525989_2	0.0	0.37	0.0	0.0	55.04	0.0	0.0	0.0	0.0	0.0	0.0	0.0	0.0	1.8	36.48	0.0	0.0	0.0	0.0	0.0	0.1	0.0	0.0	0.0	0.0	0.0	0.15	1.12	0.0	4.93	NNLS
884755_2	0.0	0.0	0.0	0.0	64.35	0.0	0.0	0.0	0.0	0.12	1.94	0.0	0.0	1.06	27.81	0.0	0.0	0.0	0.0	0.0	0.1	0.0	0.0	0.0	0.0	0.0	0.16	0.62	0.0	3.84	NNLS
905498_2	0.0	0.55	0.0	0.0	49.66	0.0	0.0	0.0	0.9	0.0	0.0	0.0	0.15	1.89	34.85	0.0	0.0	0.0	0.0	0.0	0.07	0.0	0.0	0.0	0.0	0.0	0.17	1.42	0.0	10.35	NNLS
629773_2	0.0	0.54	0.0	0.0	56.86	0.0	0.0	0.0	1.4	0.61	3.15	0.0	0.06	0.99	31.18	0.0	0.0	0.0	0.0	0.0	0.08	0.0	0.0	0.0	0.0	0.0	0.18	1.42	0.0	3.53	NNLS
571092_1	0.0	0.0	0.0	0.0	51.64	0.22	0.0	0.0	11.74	2.84	0.0	0.0	0.94	0.12	9.8	0.09	1.01	0.64	0.41	5.14	0.0	0.0	0.0	1.2	6.63	3.98	0.2	0.16	0.0	3.23	NNLS
582739_3	0.0	0.52	0.0	0.0	49.74	0.0	0.0	0.0	0.72	0.0	1.82	0.0	0.15	1.31	30.67	0.0	0.0	0.0	0.0	0.0	0.07	0.0	0.0	0.0	0.0	0.0	0.17	1.34	0.0	13.51	NNLS
702116_3	0.0	0.94	2.48	4.73	63.31	0.0	0.0	0.0	3.16	0.0	0.98	0.0	0.01	0.0	18.95	0.0	0.0	0.0	0.0	0.0	0.0	0.0	0.0	0.0	0.0	0.66	0.13	1.93	0.0	2.71	NNLS
740015_3	0.0	0.52	0.0	0.0	53.25	0.0	0.0	0.0	1.59	0.0	0.4	0.0	0.34	1.78	32.34	0.01	0.0	0.0	0.0	0.0	0.05	0.0	0.0	0.0	0.0	0.0	0.16	1.25	0.0	8.3	NNLS
683266_3	0.0	0.32	0.0	0.0	61.82	0.0	0.0	0.0	2.68	0.07	1.92	0.0	0.61	1.54	25.65	0.0	0.0	0.0	0.0	0.0	0.02	0.0	0.0	0.02	0.0	0.28	0.15	0.89	0.0	4.02	NNLS
709690_3	0.0	0.36	0.0	0.0	58.94	0.0	0.0	0.0	1.26	0.0	2.35	0.0	0.15	1.26	29.51	0.0	0.0	0.0	0.0	0.0	0.06	0.0	0.0	0.0	0.0	0.14	0.16	1.06	0.0	4.75	NNLS
512025_2	0.0	0.25	0.0	0.0	64.4	0.0	0.0	0.0	0.96	0.52	2.55	0.0	0.0	0.79	25.67	0.0	0.0	0.0	0.0	0.0	0.07	0.0	0.0	0.05	0.0	0.0	0.16	0.98	0.0	3.6	NNLS
500915_3	0.0	0.31	0.0	0.0	58.98	0.0	0.0	0.0	1.44	0.0	0.18	0.0	0.25	1.62	28.22	0.0	0.0	0.0	0.0	0.0	0.03	0.0	0.0	0.0	0.0	0.0	0.15	0.99	0.0	7.83	NNLS
902180_3	0.0	0.71	0.0	0.0	52.15	0.0	0.0	0.0	0.69	0.0	3.03	0.0	0.0	1.29	34.05	0.0	0.0	0.0	0.0	0.0	0.09	0.0	0.0	0.0	0.0	0.0	0.18	1.61	0.0	6.19	NNLS
814701_2	0.0	0.39	0.0	0.0	60.38	0.0	0.0	0.0	0.59	0.81	2.98	0.0	0.0	0.85	30.08	0.0	0.0	0.0	0.0	0.0	0.09	0.0	0.0	0.0	0.0	0.0	0.18	1.16	0.0	2.49	NNLS
903837_3	0.0	0.0	0.0	0.0	65.63	0.0	0.0	0.0	0.18	0.0	0.87	0.0	0.06	1.34	27.96	0.0	0.0	0.0	0.0	0.0	0.09	0.0	0.0	0.0	0.0	0.0	0.16	0.47	0.0	3.24	NNLS
690247_2	0.0	1.0	1.31	1.08	48.52	0.0	0.0	0.0	2.23	0.62	3.76	0.0	0.24	0.38	32.04	0.0	0.0	0.0	0.0	0.0	0.07	0.0	0.0	0.0	0.0	0.0	0.18	2.07	0.0	6.5	NNLS
915027_3	0.0	0.27	0.0	0.0	59.88	0.0	0.0	0.0	0.0	0.0	0.11	0.0	0.0	1.59	31.31	0.0	0.0	0.0	0.0	0.0	0.09	0.0	0.0	0.0	0.0	0.0	0.16	0.97	0.0	5.63	NNLS
508691_3	0.0	0.4	1.27	3.57	63.3	0.0	0.0	0.0	1.35	0.0	1.9	0.0	0.0	0.0	24.31	0.0	0.0	0.0	0.0	0.0	0.08	0.0	0.0	0.0	0.0	0.01	0.16	1.44	0.0	2.23	NNLS
501143_2	0.0	0.29	0.0	0.0	48.25	0.0	0.0	0.0	0.49	0.0	0.0	0.0	0.36	1.58	28.83	0.0	0.0	0.0	0.0	0.0	0.07	0.0	0.0	0.0	0.0	0.0	0.15	1.24	0.0	18.75	NNLS
689440_3	0.0	0.31	0.0	0.0	50.66	0.0	0.0	0.0	1.33	0.13	1.83	0.0	0.3	1.16	23.77	0.0	0.0	0.0	0.0	0.0	0.04	0.0	0.0	0.06	0.0	0.0	0.13	1.13	0.0	19.14	NNLS
397120_1	0.0	1.3	4.25	7.38	61.5	0.0	0.0	0.0	4.45	0.0	0.0	0.0	0.0	0.0	15.5	0.0	0.0	0.0	0.0	0.0	0.0	0.0	0.0	0.05	0.0	1.51	0.12	2.76	0.0	1.17	NNLS
480303_1	0.0	0.93	0.0	0.0	60.4	0.0	0.0	0.0	2.43	0.0	2.19	0.0	0.13	1.51	28.86	0.0	0.0	0.0	0.0	0.0	0.0	0.0	0.0	0.0	0.0	0.08	0.16	1.65	0.0	1.66	NNLS
255058_2	0.0	1.46	12.35	15.92	46.1	1.06	0.0	0.0	9.85	0.0	0.0	0.0	0.16	0.0	0.0	0.0	1.15	0.25	0.0	0.11	0.0	0.0	0.0	0.28	0.0	5.02	0.01	3.87	0.0	2.42	NNLS
253665_1	0.0	1.83	4.34	6.68	62.44	2.07	0.0	0.0	6.29	0.0	0.0	0.0	0.0	0.5	8.54	0.0	0.52	0.0	0.0	0.0	0.0	0.0	0.0	0.0	0.0	1.84	0.08	3.47	0.0	1.4	NNLS
103651_1	0.0	0.36	0.0	0.0	54.24	0.0	0.0	0.0	3.28	0.0	1.71	0.0	0.29	1.44	30.07	0.0	0.0	0.0	0.0	0.0	0.0	0.0	0.0	0.47	0.0	2.76	0.21	0.97	0.0	4.2	NNLS
291886_1	0.0	0.89	0.49	1.61	63.67	0.0	0.0	0.0	3.08	0.0	1.59	0.0	0.12	0.93	21.47	0.0	0.0	0.0	0.0	0.0	0.0	0.0	0.0	0.09	0.0	0.56	0.14	1.7	0.0	3.65	NNLS
229182_1	0.29	1.3	4.78	8.39	65.11	1.02	0.0	0.0	6.29	0.0	0.0	0.0	0.0	0.0	1.95	0.0	1.67	0.0	0.0	0.0	0.0	0.0	0.0	0.0	0.0	2.23	0.06	2.95	0.0	3.95	NNLS
277408_1	0.0	0.17	0.0	0.0	65.61	0.0	0.0	0.0	0.9	0.0	0.14	0.0	0.06	1.66	26.68	0.0	0.0	0.0	0.0	0.0	0.03	0.0	0.0	0.0	0.0	0.0	0.15	0.65	0.0	3.94	NNLS
434662_2	0.0	1.94	4.8	8.24	55.77	0.68	0.0	0.0	6.02	0.0	0.0	0.0	0.0	0.0	12.94	0.0	1.2	0.0	0.0	0.0	0.0	0.0	0.0	0.02	0.0	2.59	0.1	3.8	0.0	1.9	NNLS
405912_2	0.0	1.16	1.63	5.67	57.97	0.0	0.0	0.0	5.92	0.0	0.0	0.0	0.11	0.47	17.84	0.0	0.77	0.0	0.0	0.0	0.0	0.0	0.0	0.19	0.0	4.1	0.11	2.33	0.0	1.72	NNLS
406813_1	0.0	0.54	0.0	0.0	63.48	0.0	0.0	0.0	0.69	0.0	1.77	0.0	0.0	1.58	26.73	0.0	0.0	0.0	0.0	0.0	0.04	0.0	0.0	0.0	0.0	0.0	0.15	1.25	0.0	3.77	NNLS
457230_2	0.0	1.29	2.35	4.51	60.95	0.0	0.0	0.0	4.85	0.0	0.33	0.0	0.1	0.65	17.74	0.0	0.0	0.0	0.0	0.0	0.0	0.0	0.0	0.11	0.0	1.57	0.13	2.28	0.0	3.14	NNLS
319860_2	0.0	0.69	0.0	0.0	53.2	0.0	0.0	0.0	1.88	0.0	0.0	0.0	0.07	2.06	38.63	0.0	0.0	0.0	0.0	0.0	0.05	0.0	0.0	0.0	0.0	0.02	0.19	1.39	0.0	1.84	NNLS
141956_2	0.0	0.97	2.13	5.04	63.56	0.0	0.0	0.0	3.39	0.0	0.0	0.0	0.19	0.0	17.2	0.0	0.0	0.0	0.0	0.0	0.0	0.0	0.0	0.08	0.0	1.27	0.14	2.47	0.0	3.54	NNLS
254685_1	0.0	0.3	0.0	0.0	56.08	0.0	0.0	0.0	1.68	0.0	0.0	0.0	0.14	1.76	33.78	0.01	0.0	0.0	0.0	0.0	0.06	0.0	0.0	0.03	0.0	0.0	0.17	0.97	0.0	5.02	NNLS
250475_1	0.0	1.93	6.95	10.28	52.0	0.0	0.0	0.0	5.93	0.0	0.0	0.0	0.0	0.0	10.04	0.0	0.99	0.0	0.0	0.0	0.0	0.0	0.0	0.07	0.0	3.28	0.08	4.28	0.0	4.17	NNLS
235246_2	0.0	0.23	0.0	0.0	61.13	0.0	0.0	0.0	0.38	0.0	0.0	0.0	0.05	1.71	31.66	0.0	0.0	0.0	0.0	0.0	0.07	0.0	0.0	0.0	0.0	0.0	0.16	0.88	0.0	3.73	NNLS
121329_2	0.0	0.41	0.0	0.0	66.24	0.0	0.0	0.0	2.34	0.05	1.86	0.0	0.07	1.36	22.16	0.0	0.0	0.0	0.0	0.0	0.0	0.0	0.0	0.1	0.0	0.43	0.14	0.99	0.0	3.84	NNLS
455648_1	0.0	0.52	0.0	0.0	64.23	0.0	0.0	0.0	1.06	0.0	0.5	0.0	0.0	1.61	29.51	0.0	0.0	0.0	0.0	0.0	0.03	0.0	0.0	0.0	0.0	0.0	0.17	1.18	0.0	1.21	NNLS
334129_1	0.0	1.04	0.0	1.62	58.02	0.0	0.0	0.0	6.09	0.0	1.14	0.0	0.18	0.95	24.27	0.13	0.22	0.05	0.0	0.0	0.0	0.0	0.0	0.27	0.0	2.43	0.16	1.78	0.0	1.65	NNLS
456050_1	0.0	0.78	2.03	5.39	52.54	2.14	0.0	0.0	11.35	0.0	0.0	0.0	0.52	0.0	11.77	0.34	1.3	0.49	0.0	0.73	0.0	0.0	0.0	0.55	1.62	4.22	0.13	1.82	0.0	2.27	NNLS
316949_1	0.0	0.0	0.0	1.28	63.22	0.0	0.0	0.0	4.26	0.0	0.0	0.0	0.34	0.96	21.24	0.0	0.0	0.0	0.0	0.0	0.0	0.0	0.0	0.26	0.0	3.36	0.13	0.48	0.0	4.46	NNLS
149589_1	0.0	0.57	0.0	0.66	66.17	0.0	0.0	0.0	2.33	0.0	2.31	0.0	0.06	1.53	21.96	0.0	0.0	0.0	0.0	0.0	0.0	0.0	0.0	0.05	0.0	0.06	0.14	1.19	0.0	2.97	NNLS
339832_2	0.0	1.47	5.36	9.32	53.43	0.04	0.0	0.0	5.75	0.0	0.0	0.0	0.0	0.0	13.42	0.0	1.1	0.0	0.0	0.0	0.0	0.0	0.0	0.12	0.0	3.06	0.11	3.22	0.0	3.61	NNLS
108445_1	0.0	0.55	0.0	0.0	62.29	0.0	0.0	0.0	2.72	0.0	1.51	0.0	0.16	1.5	27.6	0.0	0.0	0.0	0.0	0.0	0.01	0.0	0.0	0.03	0.0	0.2	0.16	1.18	0.0	2.09	NNLS
406755_1	0.0	0.16	0.0	0.0	61.5	0.0	0.0	0.0	2.33	0.0	0.08	0.0	0.16	1.62	29.62	0.0	0.0	0.0	0.0	0.0	0.03	0.0	0.0	0.09	0.0	0.0	0.17	0.69	0.0	3.53	NNLS
184204_1	0.0	0.35	0.0	0.0	56.89	0.0	0.0	0.0	0.55	0.0	0.0	0.0	0.0	1.82	36.19	0.0	0.0	0.0	0.0	0.0	0.08	0.0	0.0	0.0	0.0	0.0	0.16	1.05	0.0	2.91	NNLS
253823_1	0.0	0.4	0.0	0.0	56.6	0.0	0.0	0.0	0.36	0.0	0.0	0.0	0.0	1.85	33.41	0.0	0.0	0.0	0.0	0.0	0.06	0.0	0.0	0.0	0.0	0.0	0.16	1.03	0.0	6.14	NNLS
138919_1	0.0	1.04	0.0	0.0	51.35	0.0	0.0	0.0	5.0	0.0	3.57	0.0	0.32	1.43	30.22	0.06	0.0	0.16	0.0	0.0	0.0	0.0	0.0	0.46	0.0	1.76	0.22	1.66	0.0	2.75	NNLS
454195_2	0.0	0.0	0.0	0.0	69.87	0.0	0.0	0.0	2.91	0.0	0.83	0.0	0.19	1.25	20.82	0.42	0.0	0.0	0.0	0.0	0.0	0.0	0.0	0.16	0.0	0.13	0.13	0.31	0.0	2.98	NNLS
313204_2	0.0	0.79	0.02	0.0	52.51	1.84	0.0	0.0	7.34	1.58	1.48	0.0	0.51	1.09	23.57	0.15	0.62	0.52	0.0	0.12	0.0	0.0	0.0	0.58	1.51	3.12	0.2	1.27	0.0	1.2	NNLS
141218_1	0.0	1.1	1.74	3.64	62.84	0.0	0.0	0.0	3.02	0.0	0.61	0.0	0.0	0.31	19.27	0.0	0.0	0.0	0.0	0.0	0.0	0.0	0.0	0.09	0.0	1.28	0.14	2.45	0.0	3.5	NNLS
320238_2	0.0	0.45	0.0	0.0	55.93	0.0	0.0	0.0	1.95	0.0	0.33	0.0	0.09	1.74	30.35	0.0	0.0	0.0	0.0	0.0	0.04	0.0	0.0	0.02	0.0	0.0	0.16	1.33	0.0	7.62	NNLS
194785_2	0.0	0.15	0.0	0.0	61.11	0.0	0.0	0.0	0.67	0.0	0.0	0.0	0.02	1.63	33.01	0.01	0.0	0.0	0.0	0.0	0.08	0.0	0.0	0.0	0.0	0.0	0.15	0.7	0.0	2.47	NNLS
212444_1	0.0	1.11	1.78	4.24	65.94	0.0	0.0	0.0	3.07	0.0	0.66	0.0	0.0	0.39	18.7	0.0	0.0	0.0	0.0	0.0	0.0	0.0	0.0	0.02	0.0	0.77	0.13	2.24	0.0	0.95	NNLS
170689_1	0.0	0.51	0.25	1.9	67.95	0.0	0.0	0.0	2.06	0.0	1.69	0.0	0.02	0.86	21.66	0.0	0.0	0.0	0.0	0.0	0.0	0.0	0.0	0.06	0.0	0.43	0.14	1.26	0.0	1.2	NNLS
401187_2	0.0	0.45	0.0	0.0	61.16	0.0	0.0	0.0	2.02	0.0	1.13	0.0	0.2	1.46	29.67	0.0	0.0	0.0	0.0	0.0	0.05	0.0	0.0	0.02	0.0	0.09	0.17	1.15	0.0	2.44	NNLS
490522_1	0.0	0.88	0.0	0.0	61.76	0.0	0.0	0.0	2.38	0.0	2.38	0.0	0.0	1.8	27.77	0.0	0.0	0.0	0.0	0.0	0.0	0.0	0.0	0.0	0.0	0.0	0.16	1.6	0.0	1.27	NNLS
294171_1	0.0	0.72	0.0	0.07	63.93	0.0	0.0	0.0	1.33	0.0	2.74	0.0	0.0	1.19	26.8	0.0	0.0	0.0	0.0	0.0	0.04	0.0	0.0	0.04	0.0	0.28	0.17	1.59	0.0	1.09	NNLS
384886_2	0.0	0.16	0.0	0.59	55.06	0.0	0.0	0.0	4.36	0.36	1.32	0.0	0.47	1.02	22.78	0.0	0.0	0.07	0.0	0.0	0.0	0.0	0.0	0.67	0.87	2.72	0.2	0.91	0.0	8.44	NNLS
406636_1	0.0	0.12	0.0	0.0	66.95	0.0	0.0	0.0	1.96	0.0	1.12	0.0	0.21	1.44	25.1	0.0	0.0	0.0	0.0	0.0	0.03	0.0	0.0	0.1	0.0	0.02	0.16	0.57	0.0	2.2	NNLS
293901_1	0.0	0.77	0.91	2.41	64.47	0.0	0.0	0.0	2.68	0.0	1.36	0.0	0.1	0.77	20.99	0.0	0.0	0.0	0.0	0.0	0.0	0.0	0.0	0.05	0.0	0.84	0.13	1.51	0.0	2.99	NNLS
195443_1	0.0	0.0	0.0	2.54	72.56	0.0	0.0	0.0	5.38	0.0	0.0	0.0	0.46	0.34	9.95	0.0	0.0	0.0	0.0	0.0	0.0	0.0	0.0	0.42	0.0	0.86	0.11	0.0	0.0	7.39	NNLS
490545_1	0.0	1.74	3.19	6.36	56.52	1.38	0.0	0.0	6.41	0.0	0.0	0.0	0.15	0.0	14.41	0.0	1.38	0.09	0.0	0.0	0.0	0.0	0.0	0.21	0.0	3.32	0.12	3.24	0.0	1.48	NNLS
133532_1	0.0	0.0	0.0	0.0	69.5	0.0	0.0	0.0	1.2	0.0	0.0	0.0	0.18	1.37	24.95	0.0	0.0	0.0	0.0	0.0	0.05	0.0	0.0	0.07	0.0	0.33	0.15	0.11	0.0	2.09	NNLS
169395_1	0.0	0.17	0.0	0.0	66.35	0.0	0.0	0.0	2.24	0.0	0.9	0.0	0.13	1.45	25.55	0.0	0.0	0.0	0.0	0.0	0.03	0.0	0.0	0.08	0.0	0.0	0.16	0.69	0.0	2.25	NNLS
346539_1	0.0	0.48	0.0	0.0	63.15	0.0	0.0	0.0	1.63	0.0	0.73	0.0	0.08	1.74	28.8	0.0	0.0	0.0	0.0	0.0	0.01	0.0	0.0	0.0	0.0	0.0	0.16	1.02	0.0	2.2	NNLS
161584_1	0.0	1.85	2.66	4.13	58.09	0.2	0.0	0.0	4.45	0.0	0.72	0.0	0.0	0.64	18.44	0.0	0.15	0.0	0.0	0.0	0.0	0.0	0.0	0.0	0.0	1.3	0.14	3.28	0.0	3.96	NNLS
477841_1	0.0	1.4	1.28	1.74	55.89	0.0	0.0	0.0	2.3	0.0	3.08	0.0	0.0	0.92	28.56	0.0	0.0	0.0	0.0	0.0	0.0	0.0	0.0	0.0	0.0	0.53	0.16	2.53	0.0	1.61	NNLS
464537_2	0.0	0.0	0.0	0.0	58.01	0.22	0.0	0.0	3.56	1.1	0.5	0.0	0.6	0.94	23.5	0.0	0.0	0.0	0.0	0.0	0.0	0.0	0.0	0.73	0.4	5.07	0.19	0.65	0.0	4.54	NNLS
205623_2	0.0	0.06	0.0	0.0	66.41	0.0	0.0	0.0	2.15	0.0	0.89	0.0	0.13	1.23	22.86	0.0	0.0	0.0	0.0	0.0	0.03	0.0	0.0	0.16	0.0	0.42	0.15	0.76	0.0	4.75	NNLS
197072_2	0.0	0.92	0.0	0.03	60.83	0.0	0.0	0.0	3.16	0.04	3.0	0.0	0.09	1.87	25.43	0.0	0.0	0.0	0.0	0.0	0.0	0.0	0.0	0.0	0.0	0.0	0.14	1.53	0.0	2.96	NNLS
230843_2	0.0	0.0	0.0	0.0	65.23	0.0	0.0	0.0	1.2	0.0	0.0	0.0	0.07	1.53	27.51	0.0	0.0	0.0	0.0	0.0	0.04	0.0	0.0	0.08	0.0	0.15	0.15	0.44	0.0	3.61	NNLS
443078_1	0.0	1.39	1.35	1.8	52.76	0.0	0.0	0.0	4.8	0.0	2.9	0.0	0.23	0.93	28.06	0.07	0.0	0.15	0.0	0.0	0.0	0.0	0.0	0.28	0.0	1.77	0.2	2.48	0.0	0.83	NNLS
415120_1	0.0	0.89	0.89	0.0	49.78	2.26	0.0	0.0	10.39	2.94	0.0	0.0	0.63	1.24	15.66	0.31	1.27	0.59	0.0	2.06	0.0	0.0	0.0	0.63	2.97	3.55	0.17	1.8	0.0	1.95	NNLS
339444_1	0.0	0.39	0.0	0.0	57.99	0.0	0.0	0.0	2.02	0.0	0.28	0.0	0.08	1.7	32.3	0.0	0.0	0.0	0.0	0.0	0.04	0.0	0.0	0.08	0.0	0.57	0.18	1.01	0.0	3.36	NNLS
455697_1	0.0	0.0	0.0	0.0	70.17	0.0	0.0	0.0	1.53	0.0	0.0	0.0	0.17	1.09	21.55	0.0	0.0	0.0	0.0	0.0	0.05	0.0	0.0	0.12	0.0	0.0	0.13	0.0	0.0	5.19	NNLS
122540_2	0.0	1.58	6.39	9.9	61.61	2.36	0.0	0.0	7.41	0.0	0.0	0.0	0.0	0.0	0.16	0.0	1.78	0.05	0.0	0.0	0.0	0.0	0.0	0.16	0.0	3.63	0.06	3.51	0.0	1.39	NNLS
309805_2	0.0	0.12	0.0	0.0	63.71	0.0	0.0	0.0	2.31	0.08	1.36	0.0	0.43	1.21	22.6	0.0	0.0	0.0	0.0	0.0	0.02	0.0	0.0	0.11	0.0	0.26	0.15	0.84	0.0	6.81	NNLS
485310_1	0.0	0.21	0.0	0.0	65.49	0.0	0.0	0.0	1.24	0.0	0.49	0.0	0.06	1.63	26.32	0.0	0.0	0.0	0.0	0.0	0.02	0.0	0.0	0.0	0.0	0.0	0.15	0.68	0.0	3.71	NNLS
328020_1	0.0	1.12	1.18	1.86	61.51	0.0	0.0	0.0	3.62	0.0	2.35	0.0	0.09	1.52	21.33	0.0	0.0	0.0	0.0	0.0	0.0	0.0	0.0	0.01	0.0	0.08	0.13	1.88	0.0	3.32	NNLS
103651_1	0.0	0.0	0.0	3.95	28.55	1.36	0.0	0.81	4.04	0.0	0.0	1.7	0.19	0.36	50.52	0.0	0.0	0.0	0.17	0.0	0.0	0.0	0.0	0.18	0.0	4.0	0.16	0.3	0.0	3.71	nuSVR
108445_1	0.05	0.37	0.0	3.51	37.12	0.74	0.0	0.48	3.21	0.0	1.46	0.42	0.21	0.64	48.38	0.0	0.0	0.0	0.0	0.0	0.1	0.0	0.0	0.0	0.0	0.63	0.18	0.61	0.0	1.88	nuSVR
121329_2	0.0	0.25	0.0	3.06	36.18	1.18	0.0	0.48	2.49	0.0	2.1	0.42	0.22	0.65	48.28	0.07	0.0	0.0	0.0	0.0	0.08	0.0	0.0	0.0	0.0	0.33	0.18	0.62	0.0	3.41	nuSVR
122540_2	0.0	0.07	0.0	5.06	35.16	0.71	0.0	0.06	8.55	0.0	0.52	0.59	0.09	0.31	40.35	0.0	0.0	0.0	0.12	0.0	0.0	0.0	0.0	0.0	0.0	5.58	0.08	1.18	0.0	1.58	nuSVR
133532_1	0.0	0.61	0.0	3.56	32.69	1.85	0.0	0.61	1.66	0.0	3.25	0.62	0.34	0.79	50.59	0.0	0.0	0.0	0.0	0.0	0.21	0.0	0.0	0.11	0.0	0.64	0.28	0.54	0.0	1.66	nuSVR
138919_1	0.0	0.37	0.0	5.47	33.28	1.99	0.0	0.39	4.51	0.0	0.72	1.39	0.2	0.64	44.99	0.12	0.0	0.0	0.0	0.0	0.0	0.0	0.0	0.2	0.0	3.03	0.17	0.6	0.0	1.92	nuSVR
141218_1	0.0	0.37	0.0	3.52	35.26	2.16	0.0	0.54	2.2	0.0	2.2	0.65	0.21	0.64	47.22	0.0	0.0	0.0	0.0	0.0	0.01	0.0	0.0	0.19	0.0	0.22	0.18	1.35	0.0	3.08	nuSVR
141956_2	0.0	0.37	0.0	4.03	35.03	1.12	0.0	0.49	2.5	0.0	2.19	0.53	0.21	0.64	47.55	0.0	0.0	0.0	0.0	0.0	0.0	0.0	0.0	0.19	0.0	0.33	0.18	1.48	0.0	3.16	nuSVR
149589_1	0.0	0.37	0.0	3.25	35.85	1.09	0.0	0.49	2.03	0.0	2.67	0.46	0.21	0.64	48.59	0.0	0.0	0.0	0.0	0.0	0.31	0.0	0.0	0.0	0.0	0.27	0.18	1.04	0.0	2.54	nuSVR
161584_1	0.0	0.1	0.0	4.42	33.62	1.48	0.0	0.19	4.99	0.0	2.16	0.99	0.14	0.42	43.23	0.0	0.0	0.0	0.15	0.0	0.03	0.0	0.0	0.13	0.0	0.82	0.12	0.99	0.0	6.02	nuSVR
169395_1	0.0	0.29	0.0	3.15	34.87	0.92	0.0	0.46	3.12	0.0	2.44	0.43	0.21	0.63	49.34	0.0	0.0	0.0	0.0	0.0	0.3	0.0	0.0	0.0	0.0	0.31	0.18	0.59	0.0	2.77	nuSVR
170689_1	0.0	0.39	0.0	3.1	37.59	1.41	0.0	0.5	1.74	0.0	1.73	0.47	0.19	0.67	49.74	0.0	0.0	0.0	0.0	0.0	0.0	0.0	0.0	0.0	0.0	0.28	0.19	1.08	0.0	0.91	nuSVR
184204_1	0.0	0.62	0.0	4.37	33.61	1.79	0.0	0.67	1.57	0.0	1.53	0.0	0.34	0.69	50.94	0.0	0.0	0.0	0.0	0.0	0.07	0.0	0.0	0.19	0.0	0.03	0.28	0.55	0.0	2.75	nuSVR
194785_2	0.0	0.64	0.0	3.56	34.55	1.59	0.0	0.65	2.11	0.0	1.61	0.0	0.35	0.85	50.67	0.0	0.0	0.0	0.0	0.0	0.05	0.0	0.0	0.1	0.0	0.0	0.29	0.56	0.0	2.4	nuSVR
195443_1	0.0	0.33	0.0	3.21	32.7	0.96	0.0	0.3	4.54	0.0	2.89	0.31	0.19	0.57	45.79	0.0	0.0	0.0	0.0	0.0	0.21	0.0	0.0	0.0	0.0	0.65	0.16	0.54	0.0	6.66	nuSVR
197072_2	0.23	0.36	0.0	4.16	34.97	0.38	0.0	0.5	2.62	0.0	2.78	0.65	0.21	0.63	47.86	0.0	0.0	0.0	0.0	0.0	0.18	0.0	0.0	0.19	0.0	0.59	0.18	1.04	0.0	2.47	nuSVR
205623_2	0.0	0.29	0.0	3.16	35.21	0.89	0.0	0.48	3.21	0.0	1.45	0.48	0.2	0.61	46.89	0.0	0.0	0.0	0.0	0.0	0.15	0.0	0.0	0.0	0.0	0.89	0.17	0.58	0.0	5.33	nuSVR
212444_1	0.0	0.11	0.0	4.51	34.79	1.93	0.0	0.39	3.92	0.0	2.24	0.88	0.14	0.44	46.66	0.0	0.0	0.0	0.14	0.0	0.1	0.0	0.0	0.02	0.0	0.0	0.12	1.56	0.0	2.03	nuSVR
229182_1	0.0	0.14	0.0	4.05	32.18	1.27	0.0	0.04	9.03	0.0	1.4	0.0	0.08	0.27	36.44	0.0	0.0	0.0	0.08	0.0	0.09	0.0	0.0	0.09	0.0	0.82	0.07	1.26	0.0	12.69	nuSVR
230843_2	0.0	0.58	0.0	3.62	32.19	1.63	0.0	0.53	1.62	0.0	3.08	0.53	0.33	0.73	50.57	0.0	0.0	0.0	0.0	0.0	0.16	0.0	0.0	0.34	0.0	0.14	0.27	0.52	0.0	3.19	nuSVR
235246_2	0.0	0.63	0.0	3.62	32.85	1.74	0.0	0.54	0.99	0.0	1.74	0.2	0.35	0.81	51.86	0.0	0.0	0.0	0.0	0.0	0.13	0.0	0.0	0.0	0.0	0.26	0.29	0.55	0.0	3.45	nuSVR
250475_1	0.0	0.15	0.0	3.31	31.97	1.02	0.0	0.03	9.03	0.0	1.26	0.88	0.08	0.27	35.62	0.0	0.0	0.0	0.1	0.0	0.08	0.0	0.0	0.11	0.0	1.09	0.08	1.03	0.0	13.89	nuSVR
253665_1	0.0	0.13	0.0	4.89	34.94	1.34	0.0	0.12	9.56	0.0	1.28	0.81	0.09	0.29	38.71	0.0	0.0	0.0	0.1	0.0	0.0	0.0	0.0	0.13	0.0	2.48	0.08	1.1	0.0	3.95	nuSVR
253823_1	0.0	0.6	0.0	3.57	31.99	2.05	0.0	0.48	0.91	0.0	3.01	0.22	0.0	0.75	49.56	0.0	0.0	0.0	0.0	0.0	0.1	0.0	0.0	0.29	0.0	0.0	0.27	0.53	0.0	5.66	nuSVR
254685_1	0.0	0.55	0.0	3.66	31.53	1.91	0.0	0.65	2.43	0.0	2.95	0.38	0.34	0.72	49.07	0.0	0.0	0.0	0.0	0.0	0.15	0.0	0.0	0.06	0.0	0.35	0.26	0.51	0.0	4.47	nuSVR
255058_2	0.01	0.06	0.0	1.9	24.62	0.0	0.0	0.11	19.96	0.0	0.0	1.15	0.04	0.06	25.68	0.0	0.0	0.0	0.08	0.0	0.01	0.0	0.0	0.05	0.06	12.92	0.03	0.48	0.0	12.78	nuSVR
277408_1	0.0	0.6	0.0	3.4	30.57	2.31	0.0	0.51	0.6	0.0	3.45	0.29	0.34	1.01	51.93	0.0	0.0	0.0	0.0	0.0	0.14	0.0	0.0	0.33	0.0	0.16	0.28	0.53	0.0	3.54	nuSVR
291886_1	0.0	0.35	0.0	4.55	33.79	1.13	0.0	0.46	2.52	0.0	2.71	0.61	0.2	0.61	47.8	0.0	0.0	0.0	0.0	0.0	0.15	0.0	0.0	0.19	0.0	0.25	0.17	1.41	0.0	3.12	nuSVR
293901_1	0.0	0.37	0.0	3.28	35.39	1.53	0.0	0.5	2.24	0.0	2.18	0.46	0.21	0.65	48.25	0.0	0.0	0.0	0.0	0.0	0.08	0.0	0.0	0.19	0.0	0.31	0.18	1.5	0.0	2.66	nuSVR
294171_1	0.0	0.39	0.0	2.85	37.99	1.41	0.0	0.48	1.15	0.0	1.88	0.43	0.16	0.67	49.85	0.0	0.0	0.0	0.0	0.0	0.16	0.0	0.0	0.0	0.0	0.32	0.19	0.96	0.0	1.1	nuSVR
309805_2	0.0	0.56	0.0	3.67	31.54	1.27	0.0	0.38	2.61	0.0	3.48	0.0	0.31	0.93	47.68	0.0	0.0	0.0	0.0	0.0	0.0	0.0	0.0	0.32	0.0	0.0	0.26	0.88	0.0	6.11	nuSVR
313204_2	0.0	0.09	0.0	5.88	30.44	0.98	0.0	0.24	7.18	0.0	0.32	1.22	0.15	0.48	46.2	0.0	0.0	0.0	0.0	0.0	0.0	0.0	0.0	0.13	0.0	5.74	0.13	0.46	0.0	0.34	nuSVR
316949_1	0.0	0.23	0.0	3.63	30.12	2.86	0.0	0.75	4.52	0.0	0.11	1.59	0.19	0.58	47.46	0.1	0.0	0.0	0.0	0.0	0.0	0.0	0.0	0.17	0.0	3.82	0.16	0.55	0.0	3.17	nuSVR
319860_2	0.0	0.57	0.0	3.55	31.41	1.83	0.0	0.59	1.96	0.0	3.56	0.63	0.32	0.96	51.24	0.0	0.0	0.0	0.0	0.0	0.2	0.0	0.0	0.34	0.0	0.58	0.26	0.51	0.0	1.47	nuSVR
320238_2	0.0	0.54	0.0	3.98	29.12	1.0	0.0	0.37	2.69	0.0	3.91	0.1	0.3	0.91	48.87	0.0	0.0	0.0	0.0	0.0	0.21	0.0	0.0	0.17	0.0	0.0	0.25	0.86	0.0	6.73	nuSVR
328020_1	0.0	0.37	0.0	3.6	35.1	1.47	0.0	0.48	2.58	0.0	2.57	0.44	0.21	0.64	47.51	0.0	0.0	0.0	0.0	0.0	0.1	0.0	0.0	0.19	0.0	0.2	0.18	1.5	0.0	2.84	nuSVR
334129_1	0.0	0.4	0.0	4.04	33.02	3.02	0.0	0.16	5.74	0.0	0.01	0.53	0.23	0.68	47.18	0.12	0.0	0.0	0.0	0.0	0.0	0.0	0.0	0.21	0.0	2.84	0.18	0.65	0.0	1.0	nuSVR
339444_1	0.0	0.45	0.0	2.7	29.93	1.96	0.0	0.57	2.46	0.0	3.21	0.39	0.32	0.96	52.21	0.0	0.0	0.0	0.0	0.0	0.04	0.0	0.0	0.33	0.0	0.86	0.26	0.51	0.0	2.85	nuSVR
339832_2	0.0	0.15	0.0	4.66	35.8	1.14	0.0	0.13	8.66	0.0	0.63	0.59	0.0	0.27	33.24	0.0	0.0	0.0	0.11	0.0	0.0	0.0	0.0	0.06	0.0	3.21	0.07	1.02	0.0	10.25	nuSVR
346539_1	0.0	0.21	0.0	3.05	34.86	1.03	0.0	0.48	2.33	0.0	2.43	0.42	0.21	0.64	50.4	0.0	0.0	0.0	0.0	0.0	0.31	0.0	0.0	0.0	0.0	0.25	0.18	0.61	0.0	2.58	nuSVR
384886_2	0.0	0.15	0.0	4.75	28.87	3.45	0.0	0.54	4.39	0.0	0.88	0.84	0.27	0.76	44.24	0.0	0.0	0.0	0.0	0.0	0.0	0.0	0.0	0.34	0.0	2.96	0.22	0.43	0.0	6.91	nuSVR
397120_1	0.0	0.06	0.0	4.73	36.74	1.91	0.0	0.45	4.35	0.0	1.93	1.28	0.14	0.44	43.88	0.0	0.0	0.0	0.16	0.0	0.13	0.0	0.0	0.1	0.0	0.95	0.13	1.03	0.0	1.6	nuSVR
401187_2	0.0	0.26	0.0	3.24	34.67	0.94	0.0	0.55	3.37	0.0	0.86	0.68	0.21	0.63	49.76	0.0	0.0	0.0	0.0	0.0	0.1	0.0	0.0	0.0	0.0	1.12	0.18	0.6	0.0	2.83	nuSVR
405912_2	0.0	0.05	0.0	6.29	32.55	0.93	0.0	0.14	5.58	0.0	0.21	0.95	0.14	0.27	45.79	0.06	0.0	0.0	0.15	0.0	0.0	0.0	0.0	0.13	0.0	4.86	0.12	0.43	0.0	1.34	nuSVR
406636_1	0.0	0.6	0.0	1.93	33.97	0.72	0.0	0.45	2.5	0.0	3.97	0.0	0.34	1.01	51.31	0.0	0.0	0.0	0.0	0.0	0.18	0.0	0.0	0.24	0.0	0.0	0.28	0.54	0.0	1.97	nuSVR
406755_1	0.0	0.56	0.0	2.78	31.22	1.24	0.0	0.5	3.26	0.0	3.89	0.44	0.32	0.82	50.48	0.0	0.0	0.0	0.0	0.0	0.21	0.0	0.0	0.32	0.0	0.0	0.26	0.5	0.0	3.18	nuSVR
406813_1	0.0	0.36	0.0	3.12	36.32	1.18	0.0	0.45	1.14	0.0	2.5	0.56	0.21	0.63	46.86	0.0	0.0	0.0	0.0	0.0	0.3	0.0	0.0	0.0	0.0	0.0	0.18	1.17	0.0	5.02	nuSVR
415120_1	0.0	0.33	0.0	5.68	30.98	3.71	0.0	0.41	9.29	0.0	0.0	0.78	0.2	0.36	40.45	0.13	0.0	0.0	0.24	0.0	0.0	0.0	0.0	0.21	0.19	5.54	0.17	0.61	0.0	0.72	nuSVR
434662_2	0.0	0.08	0.0	4.2	35.75	1.21	0.0	0.1	8.57	0.0	1.28	0.84	0.09	0.28	38.91	0.0	0.0	0.0	0.09	0.0	0.08	0.0	0.0	0.03	0.0	1.5	0.08	1.33	0.0	5.56	nuSVR
443078_1	0.0	0.38	0.0	4.54	35.06	1.55	0.0	0.26	3.6	0.0	1.28	1.34	0.21	0.65	47.58	0.11	0.0	0.0	0.0	0.0	0.0	0.0	0.0	0.2	0.0	2.25	0.17	0.62	0.0	0.18	nuSVR
454195_2	0.05	0.24	0.0	2.96	33.69	0.48	0.0	0.43	3.87	0.0	1.68	0.23	0.27	0.62	50.47	0.51	0.0	0.0	0.0	0.0	0.18	0.0	0.0	0.0	0.0	0.11	0.17	0.59	0.0	3.45	nuSVR
455648_1	0.0	0.25	0.0	3.03	36.19	1.16	0.0	0.48	1.94	0.0	1.64	0.58	0.16	0.65	50.75	0.0	0.0	0.0	0.0	0.0	0.07	0.0	0.0	0.0	0.0	0.22	0.18	0.92	0.0	1.76	nuSVR
455697_1	0.0	0.58	0.0	3.81	31.48	1.76	0.0	0.56	2.86	0.0	2.77	0.62	0.32	0.7	48.63	0.0	0.0	0.0	0.0	0.0	0.16	0.0	0.0	0.31	0.0	0.0	0.26	0.51	0.0	4.67	nuSVR
456050_1	0.0	0.3	0.0	6.26	29.97	1.89	0.0	0.21	9.49	0.0	0.0	1.0	0.16	0.51	40.97	0.0	0.0	0.0	0.0	0.0	0.0	0.0	0.0	0.21	0.06	7.45	0.14	0.49	0.0	0.9	nuSVR
457230_2	0.0	0.01	0.0	4.28	33.61	0.98	0.0	0.3	5.32	0.0	1.55	1.81	0.14	0.44	45.04	0.0	0.0	0.0	0.16	0.0	0.13	0.0	0.0	0.12	0.0	0.98	0.12	1.05	0.0	3.95	nuSVR
464537_2	0.0	0.06	0.0	1.77	27.82	2.65	0.0	0.87	4.74	0.0	0.0	1.83	0.2	0.6	49.87	0.12	0.0	0.0	0.0	0.0	0.0	0.0	0.0	0.19	0.0	5.47	0.16	0.31	0.0	3.33	nuSVR
477841_1	0.0	0.22	0.0	3.13	37.34	1.41	0.0	0.48	1.69	0.0	2.15	0.39	0.22	0.75	49.12	0.0	0.0	0.0	0.0	0.0	0.07	0.0	0.0	0.0	0.0	0.3	0.19	1.27	0.0	1.29	nuSVR
480303_1	0.0	0.3	0.0	3.22	36.63	1.21	0.0	0.48	2.48	0.0	2.12	0.46	0.22	0.65	49.75	0.0	0.0	0.0	0.0	0.0	0.09	0.0	0.0	0.0	0.0	0.28	0.18	0.62	0.0	1.31	nuSVR
485310_1	0.0	0.6	0.0	3.1	32.44	1.54	0.0	0.46	1.46	0.0	3.73	0.14	0.0	1.01	50.84	0.0	0.0	0.0	0.0	0.0	0.17	0.0	0.0	0.32	0.0	0.0	0.28	0.53	0.0	3.37	nuSVR
490522_1	0.0	0.39	0.0	3.28	36.74	1.32	0.0	0.51	1.76	0.0	2.17	0.5	0.22	0.67	50.16	0.0	0.0	0.0	0.0	0.0	0.07	0.0	0.0	0.0	0.0	0.33	0.19	0.63	0.0	1.06	nuSVR
490545_1	0.0	0.0	0.0	5.37	31.87	0.23	0.0	0.14	9.72	0.0	0.0	0.0	0.09	0.31	41.22	0.0	0.0	0.0	0.11	0.0	0.0	0.0	0.0	0.07	0.01	5.56	0.08	1.11	0.0	4.12	nuSVR
500915_3	0.0	0.57	0.0	2.72	30.1	1.35	0.0	0.43	1.98	0.0	3.75	0.1	0.32	0.96	49.21	0.0	0.0	0.0	0.0	0.0	0.18	0.0	0.0	0.34	0.0	0.0	0.26	0.82	0.0	6.91	nuSVR
501143_2	0.0	0.54	0.0	2.07	29.46	1.43	0.0	0.68	0.6	0.0	2.11	0.24	0.3	0.87	43.13	0.0	0.0	0.0	0.0	0.0	0.09	0.0	0.0	0.37	0.0	0.18	0.25	0.48	0.0	17.18	nuSVR
508691_3	0.0	0.17	0.0	2.71	40.07	1.18	0.0	0.41	0.61	0.0	1.31	0.41	0.06	0.67	48.35	0.0	0.0	0.0	0.0	0.0	0.03	0.0	0.0	0.0	0.0	0.41	0.18	0.63	0.0	2.81	nuSVR
512025_2	0.0	0.39	0.0	2.82	37.6	1.22	0.0	0.41	1.42	0.0	1.36	0.35	0.0	0.66	47.32	0.0	0.0	0.0	0.0	0.0	0.03	0.0	0.0	0.17	0.0	0.35	0.18	0.63	0.0	5.07	nuSVR
525989_2	0.0	0.0	0.0	2.47	35.68	1.04	0.0	0.62	0.18	0.0	1.98	0.0	0.22	1.05	51.09	0.0	0.0	0.0	0.0	0.0	0.2	0.0	0.0	0.0	0.0	0.0	0.3	0.58	0.0	4.59	nuSVR
565782_3	0.0	0.55	0.0	3.07	29.72	2.1	0.0	0.49	1.63	0.0	3.54	0.34	0.31	0.92	48.99	0.0	0.0	0.0	0.0	0.0	0.05	0.0	0.0	0.3	0.0	0.54	0.25	0.49	0.0	6.74	nuSVR
571092_1	0.0	0.0	0.0	5.13	30.45	4.25	0.0	0.39	11.1	0.0	0.0	0.0	0.34	0.57	36.79	0.26	0.0	0.0	0.42	0.0	0.0	0.0	0.0	0.41	1.99	4.43	0.28	0.98	0.0	2.21	nuSVR
582739_3	0.0	0.57	0.0	1.87	31.12	0.98	0.0	0.54	1.24	0.0	2.25	0.0	0.32	0.95	46.43	0.0	0.0	0.0	0.0	0.0	0.1	0.0	0.0	0.31	0.0	0.06	0.26	0.51	0.0	12.49	nuSVR
629773_2	0.0	0.62	0.0	2.38	33.14	1.16	0.0	0.63	1.56	0.0	2.32	0.39	0.35	0.99	51.48	0.0	0.0	0.0	0.0	0.0	0.09	0.0	0.0	0.31	0.0	0.5	0.28	0.55	0.0	3.23	nuSVR
653512_3	0.0	0.58	0.0	3.23	30.73	2.27	0.0	0.43	2.0	0.0	2.45	0.0	0.32	0.96	47.78	0.0	0.0	0.0	0.0	0.0	0.11	0.0	0.0	0.05	0.0	0.0	0.26	0.51	0.0	8.32	nuSVR
683266_3	0.0	0.16	0.0	3.89	32.49	0.8	0.0	0.53	3.06	0.0	1.1	1.09	0.2	0.6	49.86	0.0	0.0	0.0	0.0	0.0	0.09	0.0	0.0	0.0	0.0	1.22	0.17	0.57	0.0	4.18	nuSVR
689440_3	0.0	0.5	0.0	3.58	26.47	1.24	0.0	0.33	2.16	0.0	3.69	0.0	0.28	0.54	42.86	0.0	0.0	0.0	0.0	0.0	0.18	0.0	0.0	0.29	0.0	0.0	0.23	0.44	0.0	17.22	nuSVR
690247_2	0.0	0.36	0.0	2.51	34.79	1.53	0.0	0.43	1.91	0.0	1.78	0.44	0.21	0.62	46.65	0.0	0.0	0.0	0.0	0.0	0.06	0.0	0.0	0.16	0.0	0.2	0.17	0.59	0.0	7.59	nuSVR
691160_3	0.0	0.16	0.0	3.8	34.25	1.63	0.0	0.67	2.82	0.0	0.65	0.87	0.19	0.55	45.45	0.0	0.0	0.0	0.0	0.0	0.01	0.0	0.0	0.0	0.0	3.02	0.17	0.57	0.0	5.18	nuSVR
702116_3	0.0	0.18	0.0	3.47	34.93	1.59	0.0	0.45	3.59	0.0	2.02	0.72	0.14	0.44	46.25	0.0	0.0	0.0	0.15	0.0	0.21	0.0	0.0	0.03	0.0	0.09	0.13	1.04	0.0	4.57	nuSVR
707861_2	0.0	0.56	0.0	3.35	31.33	2.44	0.0	0.42	1.3	0.0	2.88	0.27	0.0	0.71	46.5	0.0	0.0	0.0	0.0	0.0	0.0	0.0	0.0	0.27	0.0	0.62	0.25	0.49	0.0	8.61	nuSVR
709690_3	0.0	0.6	0.0	2.95	33.15	2.07	0.0	0.68	1.0	0.0	2.45	0.11	0.33	0.93	49.47	0.0	0.0	0.0	0.0	0.0	0.02	0.0	0.0	0.32	0.0	0.94	0.27	0.54	0.0	4.17	nuSVR
740015_3	0.0	0.54	0.0	4.34	29.1	1.55	0.0	0.45	1.82	0.0	3.43	0.29	0.3	0.91	48.53	0.0	0.0	0.0	0.0	0.0	0.17	0.0	0.0	0.31	0.0	0.3	0.25	0.48	0.0	7.22	nuSVR
765128_2	0.0	0.28	0.0	2.86	34.23	0.8	0.0	0.6	0.0	0.0	2.77	0.0	0.0	0.95	53.14	0.0	0.0	0.0	0.0	0.0	0.35	0.0	0.0	0.0	0.0	0.61	0.29	0.57	0.0	2.56	nuSVR
814701_2	0.0	0.64	0.0	3.49	34.89	2.14	0.0	0.58	0.11	0.0	0.91	0.24	0.0	0.85	51.9	0.0	0.0	0.0	0.0	0.0	0.0	0.0	0.0	0.31	0.0	0.82	0.29	0.57	0.0	2.28	nuSVR
884755_2	0.0	0.67	0.0	2.14	37.15	1.11	0.0	0.59	0.0	0.0	2.25	0.0	0.0	1.11	49.77	0.0	0.0	0.0	0.0	0.0	0.25	0.0	0.0	0.03	0.0	0.6	0.3	0.59	0.0	3.43	nuSVR
888987_3	0.0	0.0	0.0	2.3	29.36	2.86	0.0	0.67	4.91	0.0	0.0	1.31	0.2	0.49	44.96	0.1	0.0	0.0	0.0	0.0	0.0	0.0	0.0	0.16	0.0	6.19	0.16	0.32	0.0	5.99	nuSVR
897309_3	0.0	0.29	0.0	3.0	33.42	1.17	0.0	0.47	2.84	0.0	1.8	0.42	0.0	0.59	46.27	0.0	0.0	0.0	0.0	0.0	0.07	0.0	0.0	0.0	0.0	0.32	0.17	0.75	0.0	8.41	nuSVR
902180_3	0.0	0.62	0.0	2.37	32.89	1.63	0.0	0.58	1.0	0.0	1.53	0.17	0.0	0.98	51.03	0.0	0.0	0.0	0.0	0.0	0.0	0.0	0.0	0.31	0.0	0.56	0.28	0.55	0.0	5.49	nuSVR
903837_3	0.0	0.66	0.0	2.27	36.01	1.38	0.0	0.54	0.42	0.0	1.23	0.05	0.37	1.1	51.34	0.0	0.0	0.0	0.0	0.0	0.03	0.0	0.0	0.32	0.0	0.39	0.3	0.59	0.0	3.0	nuSVR
905498_2	0.0	0.56	0.0	4.03	30.33	1.71	0.0	0.46	1.78	0.0	1.88	0.34	0.31	0.94	47.34	0.0	0.0	0.0	0.0	0.0	0.1	0.0	0.0	0.2	0.0	0.0	0.26	0.5	0.0	9.24	nuSVR
915027_3	0.0	0.66	0.0	2.78	35.85	1.22	0.0	0.51	0.0	0.0	2.22	0.0	0.0	1.09	48.73	0.0	0.0	0.0	0.0	0.0	0.03	0.0	0.0	0.33	0.0	0.37	0.3	0.58	0.0	5.32	nuSVR
961389_3	0.0	0.64	0.0	3.58	35.22	2.41	0.0	0.51	0.0	0.0	2.15	0.15	0.0	0.92	49.27	0.0	0.0	0.0	0.0	0.0	0.0	0.0	0.0	0.32	0.0	0.39	0.29	0.56	0.0	3.59	nuSVR
971241_3	0.0	0.16	0.0	2.48	37.07	1.28	0.0	0.42	2.49	0.0	1.05	0.28	0.15	0.67	47.06	0.0	0.0	0.0	0.0	0.0	0.0	0.0	0.0	0.18	0.0	0.34	0.18	0.63	0.0	5.56	nuSVR
982023_3	0.0	0.56	0.0	3.93	30.05	1.54	0.0	0.47	1.78	0.0	3.6	0.26	0.31	0.94	49.61	0.0	0.0	0.0	0.0	0.0	0.13	0.0	0.0	0.31	0.0	0.57	0.26	0.5	0.0	5.19	nuSVR
971241_3	0.0	0.12	0.0	0.0	54.81	0.0	0.0	0.0	0.43	0.0	4.23	0.0	0.0	0.33	36.54	0.0	0.0	0.0	0.0	0.0	0.0	0.0	0.0	0.0	0.0	0.0	0.0	1.01	0.0	2.55	QP
653512_3	0.0	0.0	0.0	0.0	51.96	0.0	0.0	0.0	0.0	0.0	0.0	0.0	0.0	0.0	41.93	0.0	0.0	0.0	0.0	0.0	0.0	0.0	0.0	0.0	0.0	0.0	0.0	0.0	0.0	6.1	QP
897309_3	0.0	0.0	0.0	0.0	70.52	0.0	0.0	0.0	1.65	0.0	1.6	0.0	0.0	0.01	19.54	0.0	0.0	0.0	0.0	0.0	0.0	0.0	0.0	0.0	0.0	0.0	0.0	0.0	0.0	6.68	QP
565782_3	0.0	0.0	0.0	0.0	67.55	0.0	0.0	0.0	1.0	0.0	0.1	0.0	0.0	0.31	25.29	0.0	0.0	0.0	0.0	0.0	0.0	0.0	0.0	0.0	0.0	0.0	0.0	0.0	0.0	5.75	QP
707861_2	0.0	0.0	0.0	0.0	60.05	0.0	0.0	0.0	0.0	0.0	0.92	0.0	0.0	0.0	32.59	0.0	0.0	0.0	0.0	0.0	0.0	0.0	0.0	0.0	0.0	0.0	0.0	0.0	0.0	6.44	QP
888987_3	0.0	0.0	0.0	0.0	59.64	0.0	0.0	0.0	3.47	0.0	2.56	0.0	0.0	0.0	23.97	0.0	0.0	0.0	0.0	0.0	0.0	0.0	0.37	0.0	0.0	4.72	0.0	0.0	0.0	5.29	QP
765128_2	0.0	0.0	0.0	0.0	62.13	0.0	0.0	0.0	0.0	0.0	0.0	0.0	0.0	1.14	34.81	0.0	0.0	0.0	0.0	0.0	0.0	0.0	0.0	0.0	0.0	0.0	0.0	0.32	0.0	1.6	QP
961389_3	0.0	0.0	0.0	0.0	63.05	0.0	0.0	0.0	0.0	0.0	3.56	0.0	0.0	0.08	30.41	0.0	0.0	0.0	0.0	0.0	0.0	0.0	0.0	0.0	0.0	0.0	0.0	0.41	0.0	2.49	QP
982023_3	0.0	0.0	0.0	0.0	62.85	0.0	0.0	0.0	0.87	0.0	0.59	0.0	0.0	0.68	30.84	0.0	0.0	0.0	0.0	0.0	0.0	0.0	0.0	0.0	0.0	0.0	0.0	0.0	0.0	4.17	QP
691160_3	0.0	0.0	0.0	0.0	54.42	0.0	0.0	0.0	2.22	0.0	5.49	0.0	0.0	0.0	33.82	0.0	0.0	0.0	0.0	0.0	0.0	0.0	0.0	0.0	0.0	0.01	0.0	0.36	0.0	3.68	QP
525989_2	0.0	0.0	0.0	0.0	57.79	0.0	0.0	0.0	0.0	0.0	0.0	0.0	0.0	0.64	38.77	0.0	0.0	0.0	0.0	0.0	0.0	0.0	0.0	0.0	0.0	0.0	0.0	0.0	0.0	2.8	QP
884755_2	0.0	0.0	0.0	0.0	66.49	0.0	0.0	0.0	0.0	0.0	1.43	0.0	0.0	0.44	29.25	0.0	0.0	0.0	0.0	0.0	0.0	0.0	0.0	0.0	0.0	0.0	0.0	0.0	0.0	2.39	QP
905498_2	0.0	0.0	0.0	0.0	54.15	0.0	0.0	0.0	0.0	0.0	0.0	0.0	0.0	0.0	39.19	0.0	0.0	0.0	0.0	0.0	0.0	0.0	0.0	0.0	0.0	0.0	0.0	0.0	0.0	6.66	QP
629773_2	0.0	0.0	0.0	0.0	59.66	0.0	0.0	0.0	0.43	0.0	3.5	0.0	0.0	0.33	33.58	0.0	0.0	0.0	0.0	0.0	0.0	0.0	0.0	0.0	0.0	0.0	0.0	0.59	0.0	1.9	QP
571092_1	0.0	0.0	0.0	2.07	55.67	1.24	0.0	0.0	11.88	0.0	0.09	0.0	0.0	0.0	10.96	0.0	0.0	0.0	0.0	3.9	0.0	0.0	0.0	0.0	9.11	3.61	0.0	0.0	0.0	1.47	QP
582739_3	0.0	0.0	0.0	0.0	55.01	0.0	0.0	0.0	0.0	0.0	0.0	0.0	0.0	0.0	35.9	0.0	0.0	0.0	0.0	0.0	0.0	0.0	0.0	0.0	0.0	0.0	0.0	0.0	0.0	9.08	QP
702116_3	0.0	1.01	2.66	4.78	62.62	0.0	0.0	0.0	3.2	0.0	0.63	0.0	0.19	0.02	18.56	0.0	0.0	0.06	0.0	0.0	0.21	0.0	0.0	0.13	0.0	0.72	0.31	2.01	0.0	2.89	QP
740015_3	0.0	0.0	0.0	0.0	57.7	0.0	0.0	0.0	0.0	0.0	0.0	0.0	0.0	0.2	36.62	0.0	0.0	0.0	0.0	0.0	0.0	0.0	0.0	0.0	0.0	0.0	0.0	0.0	0.0	5.48	QP
683266_3	0.0	0.0	0.0	0.0	64.32	0.0	0.0	0.0	2.23	0.0	1.79	0.0	0.0	1.01	27.59	0.0	0.0	0.0	0.0	0.0	0.0	0.0	0.0	0.0	0.0	0.0	0.0	0.22	0.0	2.85	QP
709690_3	0.0	0.0	0.0	0.0	62.14	0.0	0.0	0.0	0.29	0.0	1.82	0.0	0.0	0.42	32.34	0.0	0.0	0.0	0.0	0.0	0.0	0.0	0.0	0.0	0.0	0.0	0.0	0.05	0.0	2.93	QP
512025_2	0.0	0.0	0.0	0.0	66.68	0.0	0.0	0.0	0.23	0.0	2.88	0.0	0.0	0.31	27.13	0.0	0.0	0.0	0.0	0.0	0.0	0.0	0.0	0.0	0.0	0.0	0.0	0.35	0.0	2.42	QP
500915_3	0.0	0.0	0.0	0.0	62.89	0.0	0.0	0.0	0.0	0.0	0.0	0.0	0.0	0.32	31.23	0.0	0.0	0.0	0.0	0.0	0.0	0.0	0.0	0.0	0.0	0.0	0.0	0.0	0.0	5.56	QP
902180_3	0.0	0.0	0.0	0.0	55.92	0.0	0.0	0.0	0.0	0.0	2.07	0.0	0.0	0.12	38.03	0.0	0.0	0.0	0.0	0.0	0.0	0.0	0.0	0.0	0.0	0.0	0.0	0.22	0.0	3.64	QP
814701_2	0.0	0.0	0.0	0.0	62.41	0.0	0.0	0.0	0.0	0.0	3.7	0.0	0.0	0.45	31.49	0.0	0.0	0.0	0.0	0.0	0.0	0.0	0.0	0.0	0.0	0.0	0.0	0.6	0.0	1.35	QP
903837_3	0.0	0.0	0.0	0.0	67.43	0.0	0.0	0.0	0.0	0.0	0.37	0.0	0.0	0.86	29.23	0.0	0.0	0.0	0.0	0.0	0.0	0.0	0.0	0.0	0.0	0.0	0.0	0.0	0.0	2.11	QP
690247_2	0.0	0.0	0.0	0.0	52.01	0.0	0.0	0.0	0.5	0.0	6.6	0.0	0.0	0.0	36.15	0.0	0.0	0.0	0.0	0.0	0.0	0.0	0.0	0.0	0.0	0.0	0.0	0.8	0.0	3.94	QP
915027_3	0.0	0.0	0.0	0.0	62.85	0.0	0.0	0.0	0.0	0.0	0.0	0.0	0.0	0.39	33.31	0.0	0.0	0.0	0.0	0.0	0.0	0.0	0.0	0.0	0.0	0.0	0.0	0.0	0.0	3.46	QP
508691_3	0.0	0.0	0.11	3.22	65.07	0.0	0.0	0.0	0.65	0.0	3.29	0.0	0.0	0.0	25.58	0.0	0.0	0.0	0.0	0.0	0.0	0.0	0.0	0.0	0.0	0.0	0.0	0.97	0.0	1.11	QP
501143_2	0.0	0.0	0.0	0.0	53.83	0.0	0.0	0.0	0.0	0.0	0.0	0.0	0.0	0.0	32.74	0.0	0.0	0.0	0.0	0.0	0.0	0.0	0.0	0.0	0.0	0.0	0.0	0.0	0.0	13.43	QP
689440_3	0.0	0.0	0.0	0.0	57.21	0.0	0.0	0.0	0.0	0.0	0.0	0.0	0.0	0.0	28.54	0.0	0.0	0.0	0.0	0.0	0.0	0.0	0.0	0.0	0.0	0.0	0.0	0.0	0.0	14.24	QP
397120_1	0.0	1.45	4.66	6.87	59.55	0.0	0.0	0.0	4.55	0.0	0.0	0.0	0.41	0.0	14.41	0.15	0.0	0.35	0.0	0.0	0.55	0.0	0.0	0.43	0.0	1.47	0.56	2.91	0.0	1.68	QP
480303_1	0.0	1.0	0.0	0.0	59.76	0.0	0.0	0.01	2.47	0.02	2.15	0.0	0.29	1.58	28.36	0.08	0.0	0.0	0.0	0.0	0.19	0.0	0.0	0.1	0.0	0.13	0.31	1.73	0.0	1.83	QP
255058_2	0.0	1.71	12.37	12.9	38.95	0.0	0.0	0.0	9.33	0.0	0.0	0.0	1.55	0.0	0.0	1.02	0.96	1.77	0.0	0.98	1.72	0.84	0.0	1.41	0.0	4.24	1.39	4.02	0.99	3.84	QP
253665_1	1.15	2.14	5.57	4.15	54.65	0.0	0.0	0.0	6.16	0.56	0.0	0.0	1.35	0.43	5.09	1.04	0.82	1.49	0.97	0.0	1.66	0.87	0.0	1.18	0.0	1.58	1.42	3.76	1.07	2.89	QP
103651_1	0.0	0.0	0.0	0.0	57.45	0.0	0.0	0.0	2.64	0.0	1.33	0.0	0.0	0.53	33.36	0.0	0.0	0.0	0.0	0.0	0.0	0.0	0.0	0.0	0.0	2.37	0.0	0.0	0.0	2.31	QP
291886_1	0.0	0.99	0.81	1.74	62.56	0.0	0.0	0.0	3.15	0.0	1.02	0.0	0.38	1.04	20.78	0.0	0.0	0.17	0.0	0.0	0.28	0.0	0.0	0.31	0.0	0.66	0.4	1.81	0.0	3.89	QP
229182_1	0.83	1.6	5.72	6.7	58.59	0.0	0.0	0.0	6.24	0.0	0.0	0.0	1.03	0.0	0.0	0.72	1.63	1.21	0.49	0.0	1.39	0.6	0.0	1.01	0.0	1.97	1.18	3.26	0.91	4.93	QP
277408_1	0.0	0.0	0.0	0.0	67.05	0.0	0.0	0.0	0.48	0.0	0.0	0.0	0.0	1.33	27.68	0.0	0.0	0.0	0.0	0.0	0.0	0.0	0.0	0.0	0.0	0.0	0.0	0.24	0.0	3.22	QP
434662_2	0.04	2.16	5.64	6.87	51.05	0.0	0.0	0.0	5.99	0.0	0.0	0.0	0.92	0.0	10.34	0.69	1.36	1.0	0.39	0.0	1.21	0.5	0.0	0.9	0.0	2.36	1.07	4.0	0.58	2.94	QP
405912_2	0.0	1.28	2.03	5.27	56.56	0.0	0.0	0.0	5.95	0.0	0.0	0.0	0.45	0.65	16.81	0.21	0.79	0.15	0.0	0.0	0.35	0.0	0.0	0.48	0.0	4.01	0.45	2.46	0.0	2.1	QP
406813_1	0.0	0.17	0.0	0.0	65.02	0.0	0.0	0.0	0.25	0.0	1.54	0.0	0.0	1.25	27.91	0.0	0.0	0.0	0.0	0.0	0.0	0.0	0.0	0.0	0.0	0.0	0.0	0.86	0.0	3.0	QP
457230_2	0.0	1.47	3.0	4.06	58.2	0.0	0.0	0.0	4.93	0.0	0.0	0.0	0.68	0.89	16.06	0.29	0.0	0.6	0.04	0.0	0.67	0.06	0.0	0.6	0.0	1.56	0.7	2.49	0.0	3.7	QP
319860_2	0.0	0.25	0.0	0.0	54.68	0.0	0.0	0.0	1.4	0.0	0.0	0.0	0.0	1.63	40.18	0.0	0.0	0.0	0.0	0.0	0.0	0.0	0.0	0.0	0.0	0.0	0.0	0.93	0.0	0.93	QP
141956_2	0.0	0.79	1.66	5.11	64.5	0.0	0.0	0.0	3.24	0.0	0.32	0.0	0.0	0.0	17.8	0.0	0.0	0.0	0.0	0.0	0.0	0.0	0.0	0.0	0.0	1.17	0.0	2.3	0.0	3.11	QP
254685_1	0.0	0.0	0.0	0.0	59.24	0.0	0.0	0.0	0.44	0.0	0.0	0.0	0.0	0.68	36.63	0.0	0.0	0.0	0.0	0.0	0.0	0.0	0.0	0.0	0.0	0.0	0.0	0.0	0.0	3.01	QP
250475_1	0.0	2.11	7.4	9.15	49.09	0.0	0.0	0.0	5.98	0.0	0.0	0.0	0.59	0.0	8.15	0.44	0.98	0.64	0.0	0.0	0.94	0.23	0.0	0.74	0.0	3.06	0.83	4.42	0.39	4.84	QP
235246_2	0.0	0.0	0.0	0.0	63.27	0.0	0.0	0.0	0.0	0.0	0.0	0.0	0.0	1.02	33.19	0.0	0.0	0.0	0.0	0.0	0.0	0.0	0.0	0.0	0.0	0.0	0.0	0.12	0.0	2.4	QP
121329_2	0.0	0.4	0.0	0.0	66.26	0.0	0.0	0.0	2.34	0.04	1.88	0.0	0.06	1.35	22.17	0.0	0.0	0.0	0.0	0.0	0.0	0.0	0.0	0.1	0.0	0.42	0.13	0.99	0.0	3.84	QP
455648_1	0.0	0.55	0.0	0.0	64.03	0.0	0.0	0.0	1.09	0.0	0.51	0.0	0.04	1.63	29.36	0.0	0.0	0.0	0.0	0.0	0.09	0.0	0.0	0.01	0.0	0.0	0.22	1.21	0.0	1.27	QP
334129_1	0.0	1.07	0.13	1.72	57.48	0.0	0.0	0.0	6.09	0.0	0.84	0.0	0.31	1.0	23.84	0.26	0.22	0.2	0.0	0.0	0.1	0.0	0.0	0.37	0.0	2.45	0.29	1.84	0.0	1.78	QP
456050_1	0.0	0.78	2.01	5.4	52.63	2.16	0.0	0.0	11.35	0.0	0.0	0.0	0.5	0.0	11.8	0.32	1.3	0.47	0.0	0.71	0.0	0.0	0.0	0.53	1.65	4.22	0.11	1.82	0.0	2.25	QP
316949_1	0.0	0.0	0.0	0.0	65.31	0.0	0.0	0.0	3.94	0.0	1.14	0.0	0.0	0.53	22.79	0.0	0.0	0.0	0.0	0.0	0.0	0.0	0.0	0.0	0.0	2.98	0.0	0.0	0.0	3.3	QP
149589_1	0.0	0.65	0.18	0.47	65.28	0.0	0.0	0.05	2.38	0.37	1.81	0.0	0.24	1.6	21.55	0.04	0.0	0.04	0.0	0.0	0.21	0.0	0.0	0.22	0.0	0.18	0.32	1.28	0.0	3.14	QP
339832_2	0.0	1.69	5.92	8.34	50.63	0.0	0.0	0.0	5.82	0.0	0.0	0.0	0.53	0.0	11.58	0.32	1.13	0.67	0.0	0.0	0.85	0.2	0.0	0.75	0.0	2.87	0.83	3.42	0.15	4.3	QP
108445_1	0.0	0.44	0.0	0.0	62.89	0.0	0.0	0.0	2.65	0.0	1.49	0.0	0.0	1.4	28.08	0.0	0.0	0.0	0.0	0.0	0.0	0.0	0.0	0.0	0.0	0.14	0.0	1.06	0.0	1.85	QP
406755_1	0.0	0.0	0.0	0.0	63.72	0.0	0.0	0.0	1.64	0.0	0.01	0.0	0.0	1.01	31.3	0.0	0.0	0.0	0.0	0.0	0.0	0.0	0.0	0.0	0.0	0.0	0.0	0.03	0.0	2.3	QP
184204_1	0.0	0.0	0.0	0.0	58.83	0.0	0.0	0.0	0.0	0.0	0.0	0.0	0.0	1.2	37.93	0.0	0.0	0.0	0.0	0.0	0.0	0.0	0.0	0.0	0.0	0.0	0.0	0.37	0.0	1.66	QP
253823_1	0.0	0.0	0.0	0.0	59.56	0.0	0.0	0.0	0.0	0.0	0.0	0.0	0.0	0.67	35.75	0.0	0.0	0.0	0.0	0.0	0.0	0.0	0.0	0.0	0.0	0.0	0.0	0.0	0.0	4.03	QP
138919_1	0.0	0.93	0.0	0.0	52.06	0.0	0.0	0.0	4.96	0.0	3.63	0.0	0.1	1.33	30.93	0.0	0.0	0.0	0.0	0.0	0.0	0.0	0.0	0.26	0.0	1.74	0.01	1.53	0.0	2.51	QP
454195_2	0.0	0.0	0.0	0.0	70.24	0.0	0.0	0.0	2.88	0.0	0.83	0.0	0.09	1.21	21.05	0.33	0.0	0.0	0.0	0.0	0.0	0.0	0.0	0.08	0.0	0.1	0.04	0.25	0.0	2.89	QP
313204_2	0.0	0.73	0.0	0.01	53.04	1.99	0.0	0.0	7.38	1.13	2.19	0.0	0.37	1.06	23.89	0.02	0.56	0.34	0.0	0.01	0.0	0.0	0.0	0.46	1.41	3.08	0.06	1.21	0.0	1.05	QP
141218_1	0.0	1.17	1.95	3.7	62.07	0.0	0.0	0.0	3.07	0.0	0.22	0.0	0.17	0.41	18.81	0.0	0.0	0.09	0.0	0.0	0.21	0.0	0.0	0.26	0.0	1.35	0.33	2.52	0.0	3.68	QP
320238_2	0.0	0.0	0.0	0.0	59.98	0.0	0.0	0.0	0.43	0.0	0.0	0.0	0.0	0.45	33.89	0.0	0.0	0.0	0.0	0.0	0.0	0.0	0.0	0.0	0.0	0.0	0.0	0.0	0.0	5.25	QP
194785_2	0.0	0.0	0.0	0.0	62.8	0.0	0.0	0.0	0.08	0.0	0.0	0.0	0.0	1.14	34.35	0.0	0.0	0.0	0.0	0.0	0.0	0.0	0.0	0.0	0.0	0.0	0.0	0.15	0.0	1.48	QP
212444_1	0.0	1.24	2.23	4.22	63.98	0.0	0.0	0.0	3.18	0.0	0.0	0.0	0.41	0.58	17.6	0.16	0.0	0.36	0.0	0.0	0.5	0.0	0.0	0.37	0.0	0.86	0.53	2.39	0.0	1.4	QP
170689_1	0.0	0.59	0.49	1.97	67.1	0.0	0.0	0.0	2.13	0.0	1.31	0.0	0.21	0.95	21.16	0.0	0.0	0.04	0.0	0.0	0.25	0.0	0.0	0.22	0.0	0.51	0.33	1.35	0.0	1.41	QP
401187_2	0.0	0.02	0.0	0.0	63.01	0.0	0.0	0.0	1.59	0.0	0.89	0.0	0.0	1.06	31.26	0.0	0.0	0.0	0.0	0.0	0.0	0.0	0.0	0.0	0.0	0.0	0.0	0.68	0.0	1.49	QP
490522_1	0.0	1.0	0.0	0.0	60.59	0.0	0.0	0.14	2.51	0.13	2.16	0.0	0.25	1.88	26.98	0.07	0.0	0.08	0.0	0.0	0.32	0.0	0.0	0.22	0.0	0.0	0.41	1.72	0.0	1.55	QP
294171_1	0.0	0.73	0.0	0.09	63.89	0.0	0.0	0.0	1.34	0.0	2.72	0.0	0.01	1.19	26.77	0.0	0.0	0.0	0.0	0.0	0.05	0.0	0.0	0.05	0.0	0.28	0.18	1.59	0.0	1.1	QP
384886_2	0.0	0.0	0.0	0.0	60.03	0.0	0.0	0.0	3.19	0.0	1.17	0.0	0.0	0.0	26.52	0.0	0.0	0.0	0.0	0.0	0.0	0.0	0.0	0.0	2.05	1.53	0.0	0.0	0.0	5.51	QP
406636_1	0.0	0.01	0.0	0.0	67.69	0.0	0.0	0.0	1.86	0.0	1.09	0.0	0.0	1.34	25.6	0.0	0.0	0.0	0.0	0.0	0.0	0.0	0.0	0.0	0.0	0.0	0.0	0.45	0.0	1.96	QP
293901_1	0.0	0.82	1.08	2.44	63.93	0.0	0.0	0.0	2.72	0.0	1.11	0.0	0.24	0.83	20.66	0.0	0.0	0.0	0.0	0.0	0.16	0.0	0.0	0.17	0.0	0.89	0.27	1.57	0.0	3.13	QP
195443_1	0.0	0.0	0.0	1.1	75.02	0.0	0.0	0.0	5.08	0.0	1.16	0.0	0.0	0.0	10.96	0.0	0.0	0.0	0.0	0.0	0.0	0.0	0.0	0.0	0.0	0.37	0.0	0.0	0.0	6.31	QP
490545_1	0.0	1.95	4.08	5.28	52.32	0.78	0.0	0.0	6.35	0.0	0.0	0.0	1.01	0.1	12.02	0.7	1.51	1.04	0.39	0.0	0.99	0.31	0.0	0.94	0.0	3.06	0.96	3.46	0.35	2.42	QP
133532_1	0.0	0.0	0.0	0.0	70.42	0.0	0.0	0.0	1.04	0.0	0.0	0.0	0.0	1.15	25.55	0.0	0.0	0.0	0.0	0.0	0.0	0.0	0.0	0.0	0.0	0.19	0.0	0.0	0.0	1.66	QP
169395_1	0.0	0.02	0.0	0.0	67.2	0.0	0.0	0.0	2.08	0.0	0.82	0.0	0.0	1.31	26.15	0.0	0.0	0.0	0.0	0.0	0.0	0.0	0.0	0.0	0.0	0.0	0.0	0.51	0.0	1.9	QP
346539_1	0.0	0.48	0.0	0.0	63.2	0.0	0.0	0.0	1.62	0.0	0.72	0.0	0.06	1.73	28.83	0.0	0.0	0.0	0.0	0.0	0.0	0.0	0.0	0.0	0.0	0.0	0.14	1.01	0.0	2.19	QP
161584_1	0.0	2.0	3.33	3.89	55.2	0.0	0.0	0.0	4.52	0.0	0.0	0.0	0.59	0.78	16.65	0.39	0.23	0.64	0.19	0.0	0.73	0.13	0.0	0.55	0.0	1.36	0.75	3.44	0.12	4.5	QP
477841_1	0.0	1.45	1.42	1.78	55.49	0.0	0.0	0.0	2.34	0.0	2.83	0.0	0.11	0.97	28.19	0.0	0.0	0.0	0.0	0.0	0.16	0.0	0.0	0.07	0.0	0.58	0.29	2.58	0.0	1.74	QP
464537_2	0.0	0.0	0.0	0.0	60.93	0.0	0.0	0.0	3.07	0.0	1.71	0.0	0.0	0.27	25.73	0.0	0.0	0.0	0.0	0.0	0.0	0.0	0.0	0.0	0.59	4.64	0.0	0.0	0.0	3.05	QP
205623_2	0.0	0.0	0.0	0.0	68.9	0.0	0.0	0.0	1.68	0.0	0.58	0.0	0.0	0.63	24.59	0.0	0.0	0.0	0.0	0.0	0.0	0.0	0.0	0.0	0.0	0.06	0.0	0.03	0.0	3.53	QP
197072_2	0.0	1.03	0.02	0.0	59.62	0.0	0.0	0.2	3.2	0.79	1.91	0.0	0.35	1.9	24.82	0.06	0.0	0.13	0.0	0.0	0.28	0.0	0.0	0.24	0.0	0.23	0.4	1.65	0.0	3.18	QP
230843_2	0.0	0.0	0.0	0.0	66.92	0.0	0.0	0.0	0.71	0.0	0.0	0.0	0.0	1.03	28.67	0.0	0.0	0.0	0.0	0.0	0.0	0.0	0.0	0.0	0.0	0.0	0.0	0.0	0.0	2.67	QP
443078_1	0.0	1.39	1.32	1.79	52.82	0.0	0.0	0.0	4.8	0.0	2.95	0.0	0.21	0.92	28.13	0.05	0.0	0.13	0.0	0.0	0.0	0.0	0.0	0.27	0.0	1.76	0.18	2.47	0.0	0.81	QP
415120_1	0.0	0.98	1.0	0.0	48.92	1.98	0.0	0.0	10.36	2.99	0.0	0.0	0.82	1.29	15.28	0.52	1.34	0.82	0.0	2.24	0.03	0.0	0.0	0.8	2.61	3.59	0.38	1.88	0.0	2.17	QP
339444_1	0.0	0.0	0.0	0.0	60.34	0.0	0.0	0.0	1.53	0.0	0.0	0.0	0.0	1.07	34.61	0.0	0.0	0.0	0.0	0.0	0.0	0.0	0.0	0.0	0.0	0.18	0.0	0.27	0.0	2.01	QP
455697_1	0.0	0.0	0.0	0.0	72.56	0.0	0.0	0.0	0.63	0.0	0.0	0.0	0.0	0.27	22.75	0.0	0.0	0.0	0.0	0.0	0.0	0.0	0.0	0.0	0.0	0.0	0.0	0.0	0.0	3.78	QP
122540_2	1.14	1.81	7.26	8.04	53.76	0.03	0.0	0.0	7.21	0.0	0.0	0.0	1.22	0.0	0.0	0.86	1.78	1.4	0.32	0.0	1.47	0.66	0.0	1.23	0.0	3.17	1.24	3.72	0.96	2.71	QP
309805_2	0.0	0.0	0.0	0.0	67.32	0.0	0.0	0.0	1.39	0.0	0.88	0.0	0.0	0.29	25.12	0.0	0.0	0.0	0.0	0.0	0.0	0.0	0.0	0.0	0.0	0.0	0.0	0.0	0.0	5.0	QP
485310_1	0.0	0.0	0.0	0.0	66.65	0.0	0.0	0.0	0.93	0.0	0.31	0.0	0.0	1.4	27.17	0.0	0.0	0.0	0.0	0.0	0.0	0.0	0.0	0.0	0.0	0.0	0.0	0.38	0.0	3.16	QP
328020_1	0.0	1.25	1.64	1.58	59.86	0.0	0.0	0.0	3.69	0.5	1.34	0.0	0.45	1.67	20.43	0.09	0.0	0.29	0.0	0.0	0.42	0.0	0.0	0.34	0.0	0.27	0.49	2.03	0.0	3.65	QP
971241_3	11.64	0.0	9.18	0.0	10.01	0.0	1.37	0.48	4.67	0.11	1.97	4.53	0.0	0.0	9.32	0.0	0.0	7.26	0.0	0.0	0.0	0.0	0.53	0.33	0.0	4.25	0.0	4.79	1.38	28.18	ReDeconv
653512_3	15.62	4.42	5.48	0.0	7.46	0.0	0.0	0.0	7.74	12.3	0.0	0.0	0.0	0.0	17.44	0.0	0.0	0.0	0.0	0.0	0.15	0.0	1.71	3.5	0.0	4.36	0.0	2.39	0.81	16.61	ReDeconv
897309_3	17.98	0.0	7.91	0.0	6.12	0.0	0.0	3.78	9.25	0.0	0.0	0.0	0.0	0.0	3.71	0.0	0.95	2.39	0.0	0.0	0.88	0.0	1.93	0.06	3.32	7.52	0.0	3.45	0.63	30.13	ReDeconv
565782_3	14.98	0.0	9.85	0.0	5.82	0.0	0.0	4.13	11.35	1.34	0.0	0.0	0.0	0.0	1.99	0.0	0.0	2.08	0.0	0.0	1.09	0.0	0.56	0.25	0.0	6.32	0.0	2.76	0.36	37.13	ReDeconv
707861_2	11.42	6.64	3.17	0.0	7.81	0.0	0.0	1.32	5.03	12.63	0.0	0.0	0.18	0.73	8.54	0.0	1.09	1.77	0.0	0.0	0.0	0.0	2.91	0.54	1.64	3.5	0.0	1.79	0.0	29.31	ReDeconv
888987_3	22.05	0.25	0.0	0.0	3.18	0.0	0.0	0.39	2.74	1.76	0.0	0.0	0.13	0.0	2.43	0.0	0.06	0.19	0.0	0.0	0.0	0.0	1.27	0.0	1.13	2.69	22.52	0.57	0.52	38.12	ReDeconv
765128_2	14.67	0.0	0.0	6.36	8.62	0.0	0.0	2.57	2.2	23.89	0.0	0.0	0.0	1.18	4.01	0.0	0.0	6.33	0.0	0.02	0.55	0.0	0.08	0.0	0.84	5.91	0.04	1.98	7.68	13.07	ReDeconv
961389_3	2.88	0.0	0.22	0.31	9.47	0.0	2.49	0.64	0.72	18.62	0.0	0.0	0.0	0.13	16.57	0.0	0.0	6.28	0.0	1.38	7.65	0.62	0.0	0.0	3.72	1.64	0.0	2.26	2.43	21.96	ReDeconv
982023_3	26.83	2.53	1.65	0.0	8.42	0.0	0.0	1.01	7.72	0.0	7.44	3.46	0.0	0.0	6.57	0.0	0.0	3.48	0.0	0.0	0.0	0.0	2.07	0.0	0.0	1.8	0.0	2.29	0.0	24.72	ReDeconv
691160_3	14.5	1.89	1.28	0.0	6.76	0.0	0.0	0.0	7.04	8.68	0.0	0.0	0.0	0.0	13.37	0.0	0.0	2.34	0.0	0.0	0.0	0.0	1.56	0.64	0.0	5.47	4.14	1.24	0.0	31.1	ReDeconv
525989_2	13.69	1.49	0.0	0.0	10.06	0.0	0.0	1.6	1.55	0.0	14.91	15.18	0.0	0.0	16.29	0.0	0.06	8.8	0.0	0.0	3.73	0.0	2.83	0.55	0.0	0.63	0.0	2.07	0.0	6.55	ReDeconv
884755_2	8.66	2.81	0.94	0.0	10.96	0.0	0.0	0.99	0.59	20.15	0.0	0.0	0.0	4.4	0.07	0.0	0.0	1.76	0.0	1.89	6.43	0.0	4.78	0.01	2.43	0.0	13.6	1.84	5.15	12.54	ReDeconv
905498_2	0.0	3.9	3.36	0.0	9.11	7.08	1.4	1.13	9.84	3.26	0.9	0.0	0.98	0.04	11.41	0.0	0.0	0.0	0.0	0.0	1.53	0.79	0.0	0.0	0.0	5.4	0.0	3.21	0.0	36.66	ReDeconv
629773_2	15.59	0.0	1.67	0.0	6.84	0.0	0.05	3.04	4.47	11.63	0.0	0.0	0.26	0.0	9.34	0.0	0.0	0.84	0.0	0.0	4.0	0.0	2.43	0.0	0.0	4.0	2.34	0.87	2.13	30.49	ReDeconv
571092_1	21.29	0.0	0.57	0.0	1.74	0.0	0.0	0.0	12.8	2.02	0.0	0.0	0.0	0.04	0.09	0.0	0.0	1.67	0.0	0.0	0.03	0.0	2.64	1.47	11.19	10.43	0.0	1.38	1.31	31.33	ReDeconv
582739_3	0.0	3.18	3.34	15.93	11.02	0.19	0.0	0.0	5.72	0.0	0.0	5.86	0.0	0.0	16.22	0.25	3.18	0.0	0.0	0.0	4.46	1.85	0.0	1.2	0.0	2.19	0.0	1.58	0.0	23.84	ReDeconv
702116_3	18.46	0.0	3.1	0.42	3.44	0.0	0.0	10.06	1.97	0.0	1.07	6.46	0.29	0.55	2.77	0.0	0.0	2.46	0.0	1.26	0.43	0.0	2.0	0.0	0.0	11.45	0.0	3.62	0.13	30.07	ReDeconv
740015_3	7.4	1.66	3.71	0.0	11.03	2.76	2.41	0.0	17.2	1.75	0.0	0.0	0.0	0.0	5.4	0.2	0.04	0.0	0.0	0.0	1.43	0.78	0.03	0.0	0.0	7.4	0.47	0.83	0.02	35.48	ReDeconv
683266_3	10.32	0.0	13.06	0.0	6.07	0.0	0.0	2.5	13.48	0.19	0.36	0.0	0.93	1.01	3.17	0.0	0.16	0.06	0.0	0.0	1.09	0.0	0.13	0.2	0.0	5.62	0.0	3.8	0.78	37.08	ReDeconv
709690_3	25.56	0.0	2.52	0.0	7.7	0.0	0.0	0.0	5.77	0.0	3.88	2.31	0.0	0.0	4.98	0.0	1.04	0.0	0.0	0.0	5.9	0.0	1.63	0.0	0.0	3.57	6.75	3.05	0.26	25.08	ReDeconv
512025_2	0.0	0.0	9.21	1.13	9.1	4.3	0.0	2.27	2.52	0.0	10.87	10.12	0.68	0.0	9.3	0.0	0.0	0.0	0.0	0.0	0.12	0.0	2.81	0.0	3.49	0.84	0.0	3.11	1.52	28.61	ReDeconv
500915_3	19.17	0.0	7.84	0.0	8.15	0.0	0.0	2.89	10.57	0.0	6.91	0.0	0.0	0.0	2.57	0.0	0.0	1.64	0.0	0.0	0.0	0.0	1.02	0.78	0.0	3.65	0.0	3.44	3.88	27.49	ReDeconv
902180_3	16.07	0.0	4.59	2.79	13.07	0.0	1.1	0.33	5.58	2.38	0.0	0.0	0.0	0.0	8.1	0.0	0.0	0.15	0.0	0.49	4.59	0.0	1.34	0.03	0.0	1.96	0.0	2.69	2.26	32.49	ReDeconv
814701_2	3.25	0.0	15.36	0.8	8.65	0.0	0.0	3.07	3.31	0.0	0.0	0.0	6.05	0.0	6.48	0.0	0.0	3.02	0.0	0.0	1.11	0.0	0.0	0.0	23.67	1.33	0.0	1.15	2.97	19.79	ReDeconv
903837_3	11.77	0.0	1.3	0.0	16.41	0.0	13.39	3.51	2.11	6.03	0.0	0.0	0.0	0.0	8.8	0.0	0.0	3.64	0.0	0.0	0.0	0.0	0.55	0.0	10.54	5.05	0.0	3.42	2.02	11.46	ReDeconv
690247_2	7.32	3.42	0.0	6.15	6.11	0.0	2.66	0.0	7.36	11.29	0.0	0.0	0.0	0.03	18.77	0.0	0.0	4.43	0.0	0.0	0.09	0.92	0.0	2.0	0.0	0.25	1.53	2.05	2.65	22.97	ReDeconv
915027_3	12.46	3.64	6.21	0.0	12.41	0.0	1.62	3.85	5.26	2.38	0.0	0.0	0.0	0.0	14.94	0.0	0.0	0.0	0.0	0.0	3.57	1.94	0.1	1.03	0.0	1.84	0.0	2.93	1.78	24.03	ReDeconv
508691_3	0.0	0.0	14.72	7.71	10.8	2.7	0.0	1.42	1.48	5.72	0.0	0.0	0.76	0.75	5.09	0.0	0.0	0.0	0.0	0.0	5.78	0.0	3.94	0.0	0.0	4.6	0.0	2.4	0.0	32.11	ReDeconv
501143_2	3.55	0.0	0.0	1.69	7.2	0.0	0.0	0.0	8.5	0.0	0.0	4.38	1.29	0.0	28.36	0.0	1.9	1.62	0.0	0.0	0.0	0.0	1.28	0.09	24.79	0.0	1.13	2.31	3.52	8.41	ReDeconv
689440_3	0.0	0.0	3.54	0.0	6.06	12.5	0.0	0.23	13.0	1.39	9.26	0.0	1.02	0.08	7.69	0.0	4.21	0.0	0.0	0.0	0.07	0.0	0.07	0.24	13.73	1.9	0.0	2.44	5.94	16.64	ReDeconv
397120_1	11.32	0.0	12.58	2.21	2.54	0.0	0.0	7.63	3.98	0.0	2.62	6.88	0.0	0.05	1.16	0.0	0.0	4.99	0.0	0.02	2.93	0.0	0.12	0.0	0.0	8.66	0.0	3.35	0.63	28.31	ReDeconv
480303_1	19.47	0.0	5.8	1.45	2.91	0.0	0.0	10.11	5.73	0.0	2.31	2.85	0.0	0.94	0.22	0.0	0.0	5.85	0.0	1.54	0.0	0.0	1.64	0.0	0.0	8.28	0.0	3.32	0.42	27.15	ReDeconv
255058_2	17.01	0.0	7.16	0.0	1.58	0.0	0.0	4.98	3.29	1.81	0.25	0.0	0.0	3.65	1.03	0.0	0.0	4.86	0.0	0.0	1.97	0.0	1.01	0.0	0.0	8.16	0.0	2.33	0.66	40.25	ReDeconv
253665_1	17.25	0.0	6.83	0.94	1.68	0.0	0.0	10.36	3.57	0.79	0.0	0.0	0.0	3.04	0.21	0.0	0.0	5.09	0.0	0.19	0.0	0.0	0.65	0.0	0.0	10.27	0.0	3.97	1.06	34.09	ReDeconv
103651_1	26.16	0.62	1.6	0.0	3.62	0.0	0.0	1.61	7.21	0.0	0.0	0.83	0.03	0.01	0.65	0.0	0.0	3.86	0.0	0.0	0.0	0.0	1.38	0.66	0.0	8.67	0.0	1.75	1.4	39.94	ReDeconv
291886_1	18.46	0.0	8.66	2.01	1.85	0.0	0.0	7.57	5.77	0.0	2.41	2.62	0.0	3.3	0.3	0.0	0.0	4.99	0.0	0.01	0.79	0.0	1.21	0.0	0.0	5.17	0.0	3.52	0.44	30.94	ReDeconv
229182_1	20.45	0.0	4.55	0.86	1.85	0.0	0.0	8.54	4.14	0.0	1.6	3.28	0.0	2.51	0.0	0.0	0.0	4.47	0.0	0.3	0.7	0.0	0.7	0.0	0.0	11.63	0.0	3.44	0.48	30.5	ReDeconv
277408_1	20.67	0.0	5.5	0.0	3.82	0.0	0.0	9.19	7.16	0.0	3.14	5.89	0.0	0.55	1.21	0.0	0.0	6.02	0.0	0.0	0.0	0.0	0.0	0.0	0.0	3.89	0.0	3.07	1.62	28.27	ReDeconv
434662_2	16.02	0.0	5.12	0.25	2.12	0.0	0.0	6.88	3.06	0.0	2.57	6.18	0.0	1.77	2.52	0.0	0.0	3.52	0.0	0.0	0.31	0.0	1.97	0.01	0.0	7.94	0.0	2.78	0.85	36.15	ReDeconv
405912_2	13.17	0.0	5.81	0.96	2.73	0.0	0.0	4.98	4.43	0.0	2.71	7.12	0.0	1.36	1.37	0.0	0.0	3.67	0.0	0.61	0.59	0.0	0.81	0.0	0.0	9.26	0.0	1.95	0.86	37.6	ReDeconv
406813_1	20.35	0.0	4.9	0.35	5.62	0.0	0.0	3.63	5.39	0.0	4.41	13.63	0.0	1.43	3.18	0.0	0.0	2.05	0.0	0.0	0.44	0.0	1.69	0.13	0.0	3.7	0.0	2.83	0.0	26.27	ReDeconv
457230_2	23.16	0.0	3.62	0.71	1.97	0.0	0.0	7.04	4.09	0.0	2.82	7.01	0.35	1.03	0.48	0.0	0.0	2.08	0.0	0.0	0.66	0.0	1.03	0.0	0.0	8.84	0.0	3.8	0.52	30.78	ReDeconv
319860_2	17.54	0.0	4.0	0.0	3.42	0.0	0.0	7.33	9.15	0.0	3.63	8.57	0.0	1.92	5.6	0.0	0.0	3.68	0.0	0.0	0.0	0.0	1.15	0.0	0.0	5.82	0.0	1.69	0.22	26.27	ReDeconv
141956_2	25.07	0.0	2.3	0.9	2.47	0.0	0.0	8.07	4.97	0.0	0.11	6.85	0.02	0.97	1.0	0.0	0.0	3.7	0.0	0.24	0.11	0.0	0.8	0.0	1.32	7.01	0.0	2.61	0.74	30.74	ReDeconv
254685_1	20.98	1.13	3.25	0.0	7.37	0.0	0.0	2.78	13.91	0.0	0.62	3.03	0.06	0.0	3.01	0.0	0.0	2.92	0.0	0.0	0.0	0.0	1.21	1.03	0.0	3.82	0.0	4.4	1.26	29.22	ReDeconv
250475_1	15.29	0.0	4.33	0.7	2.47	0.0	0.0	6.43	3.16	1.13	0.74	1.41	0.0	3.06	1.66	0.0	0.0	3.21	0.0	0.0	1.39	0.0	2.68	0.0	0.0	9.27	0.0	2.72	0.71	39.63	ReDeconv
235246_2	15.17	0.0	6.87	0.0	10.25	0.0	0.0	2.62	9.53	3.51	0.0	0.0	0.0	0.91	3.02	0.0	0.0	1.16	0.0	0.0	0.0	0.0	1.44	0.0	0.92	4.56	0.0	1.7	3.81	34.53	ReDeconv
121329_2	23.37	0.0	5.47	4.72	3.17	0.0	0.0	5.65	6.89	0.0	1.17	0.79	0.04	0.91	0.66	0.0	0.0	2.21	0.0	0.78	0.38	0.0	1.84	0.0	0.0	6.17	0.0	4.08	1.05	30.67	ReDeconv
455648_1	21.58	0.0	5.92	0.9	4.18	0.0	0.0	8.79	5.19	0.0	3.62	2.69	0.15	1.27	1.33	0.0	0.0	3.87	0.0	0.0	0.0	0.0	2.54	0.0	0.0	10.78	0.0	2.79	0.32	24.08	ReDeconv
334129_1	21.28	0.0	4.62	0.0	2.09	0.0	0.0	7.52	6.24	0.0	1.14	1.01	0.0	2.81	0.36	0.0	0.0	4.31	0.0	0.0	2.45	0.0	3.08	0.0	0.0	9.19	0.0	2.3	0.48	31.12	ReDeconv
456050_1	21.09	0.0	3.59	0.0	1.92	0.0	0.0	5.35	6.31	0.0	0.32	3.3	0.0	1.43	0.23	0.0	0.0	2.58	0.0	0.0	0.0	0.0	1.68	0.18	0.0	8.96	0.0	2.2	0.61	40.23	ReDeconv
316949_1	15.47	0.2	3.13	2.68	2.59	0.0	0.0	1.48	10.15	0.0	0.28	2.34	0.0	0.0	1.12	0.0	0.0	4.47	0.0	0.0	0.0	0.0	0.21	0.25	0.0	8.16	0.0	1.63	0.95	44.89	ReDeconv
149589_1	16.59	0.0	8.23	0.47	3.83	0.0	0.0	5.98	8.04	0.28	0.5	0.73	0.0	1.5	1.11	0.0	0.0	5.67	0.0	0.0	2.64	0.0	1.67	0.0	0.0	9.07	0.0	4.08	0.56	29.05	ReDeconv
339832_2	18.12	0.0	4.83	0.0	2.14	0.0	0.0	5.6	3.37	1.56	0.18	0.35	0.0	2.41	0.27	0.0	0.0	2.98	0.0	0.05	0.0	0.0	2.67	0.0	0.0	8.3	0.0	3.01	0.91	43.25	ReDeconv
108445_1	21.57	0.0	7.15	0.89	4.15	0.0	0.0	7.01	9.07	0.0	1.15	0.0	0.0	0.48	0.0	0.0	0.0	3.55	0.0	0.0	0.0	0.0	0.47	0.35	0.0	7.67	0.0	2.79	0.84	32.85	ReDeconv
406755_1	17.95	0.0	7.46	0.0	5.95	0.0	0.0	5.02	13.46	0.0	0.0	0.0	0.0	0.41	1.21	0.0	0.0	3.13	0.0	0.0	0.0	0.0	0.86	0.0	0.0	9.06	0.0	3.46	1.68	30.35	ReDeconv
184204_1	22.15	0.0	4.78	0.0	8.24	0.0	0.0	1.8	13.9	0.01	3.56	0.0	0.0	0.51	0.71	0.0	0.0	7.06	0.0	0.0	0.0	0.0	0.0	0.0	0.0	5.99	0.0	3.93	0.71	26.66	ReDeconv
253823_1	17.69	0.0	8.28	0.52	6.28	0.0	0.0	10.04	9.02	0.0	2.6	3.33	0.33	0.0	0.6	0.0	0.0	4.79	0.0	0.0	0.0	0.0	0.87	0.0	0.0	3.39	0.0	2.47	0.31	29.5	ReDeconv
138919_1	23.54	0.0	3.32	0.0	2.91	0.0	0.0	8.16	4.57	0.0	2.56	1.18	0.0	2.15	1.03	0.0	0.0	4.28	0.0	0.23	0.0	0.0	2.93	0.0	0.0	8.83	0.0	2.76	1.11	30.43	ReDeconv
454195_2	23.6	0.0	8.41	3.2	3.08	0.0	0.0	4.69	10.53	0.0	2.12	0.0	0.0	0.09	0.0	0.0	0.0	3.18	0.0	0.0	0.0	0.0	2.49	0.0	0.0	8.32	0.0	4.19	0.38	25.7	ReDeconv
313204_2	21.77	0.0	5.96	0.0	1.79	0.0	0.0	5.38	7.39	0.0	1.75	3.08	0.0	0.42	0.66	0.0	0.0	5.48	0.0	0.0	0.46	0.0	0.91	0.0	0.0	9.21	0.0	1.91	0.88	32.94	ReDeconv
141218_1	20.74	0.0	4.8	1.17	2.7	0.0	0.0	5.61	3.51	0.0	0.62	3.31	0.0	2.05	0.7	0.0	0.0	3.02	0.0	0.3	0.0	0.0	2.25	0.0	0.0	7.08	0.0	3.46	0.73	37.96	ReDeconv
320238_2	15.32	0.0	7.48	0.0	5.97	0.0	0.0	2.75	12.53	0.0	0.0	1.22	0.0	0.98	0.13	0.0	0.0	2.45	0.0	0.0	1.57	0.0	0.0	0.0	6.45	7.84	0.0	2.72	0.58	32.0	ReDeconv
194785_2	11.61	0.15	8.03	0.0	10.76	0.0	0.0	2.16	16.13	0.0	2.66	0.0	0.14	0.0	9.35	0.0	0.76	0.46	0.0	0.0	0.0	0.0	0.0	0.07	0.0	7.73	0.0	1.74	0.03	28.22	ReDeconv
212444_1	19.07	0.0	5.94	1.67	2.9	0.0	0.0	6.22	5.47	1.24	0.0	0.0	0.0	3.89	0.33	0.0	0.0	2.92	0.0	0.0	0.0	0.0	0.61	0.0	0.86	9.17	0.0	5.07	0.98	33.65	ReDeconv
170689_1	16.5	0.0	5.43	0.0	3.58	0.0	0.0	7.38	4.52	0.0	1.02	4.1	0.0	3.17	0.12	0.0	0.0	2.62	0.0	0.0	4.23	0.0	1.72	0.0	0.0	8.47	0.0	2.96	0.45	33.73	ReDeconv
401187_2	18.15	0.0	6.14	1.52	5.62	0.0	0.0	2.38	12.56	0.0	0.75	0.0	0.0	0.24	1.68	0.0	0.0	2.04	0.0	0.0	0.0	0.0	0.07	0.0	1.84	6.22	0.0	3.15	0.01	37.65	ReDeconv
490522_1	18.34	0.0	1.68	3.56	2.8	0.0	0.0	11.02	3.89	0.0	4.13	10.94	0.0	1.12	0.54	0.0	0.0	5.45	0.0	0.0	0.0	0.0	1.83	0.0	0.0	4.63	0.0	3.34	0.58	26.14	ReDeconv
294171_1	18.55	0.0	7.68	0.0	5.29	0.0	0.0	5.12	6.6	0.37	0.7	0.0	0.0	2.08	2.5	0.0	0.0	4.61	0.0	0.0	0.69	0.0	1.71	0.0	0.0	4.94	0.0	2.78	1.16	35.22	ReDeconv
384886_2	24.49	0.52	1.65	0.0	2.4	0.0	0.0	0.0	8.93	0.0	0.0	1.72	0.0	0.0	0.44	0.0	0.0	1.55	0.0	0.0	0.27	0.4	0.88	1.93	0.11	8.86	0.36	1.77	0.44	43.28	ReDeconv
406636_1	19.7	0.0	8.69	0.09	5.8	0.0	0.0	6.21	9.98	0.0	2.67	0.65	0.0	0.28	0.21	0.0	0.0	1.63	0.0	0.0	0.0	0.0	0.0	0.6	0.0	6.72	0.0	2.5	1.03	33.24	ReDeconv
293901_1	14.32	0.0	4.41	3.39	3.88	0.0	0.0	7.68	4.61	0.0	1.31	6.22	0.0	2.71	2.5	0.0	0.0	6.6	0.0	0.0	1.89	0.0	0.99	0.0	0.01	6.2	0.0	2.02	0.63	30.63	ReDeconv
195443_1	18.65	0.0	4.46	0.0	3.19	0.0	0.0	6.54	10.77	0.0	0.01	5.13	0.0	0.0	1.09	0.0	0.0	2.53	0.0	0.0	2.34	0.0	0.0	0.0	0.34	6.23	0.0	2.51	0.42	35.79	ReDeconv
490545_1	16.69	0.0	2.86	0.93	2.03	0.0	0.0	8.77	2.81	0.0	0.1	5.45	0.0	2.28	0.85	0.0	0.0	4.34	0.0	0.16	5.12	0.0	1.67	0.0	0.0	9.48	0.0	2.88	0.84	32.74	ReDeconv
133532_1	18.32	0.0	5.26	0.66	7.93	0.0	0.0	4.41	9.51	0.0	0.0	3.63	0.87	0.0	0.48	0.0	0.0	3.16	0.0	0.0	0.0	0.0	0.0	0.0	0.0	4.36	0.0	2.04	1.63	37.73	ReDeconv
169395_1	18.28	0.0	6.16	0.0	4.16	0.0	0.0	2.41	9.44	0.0	7.63	12.78	0.56	0.0	2.98	0.0	0.0	0.29	0.0	0.0	0.0	0.0	1.17	0.0	0.0	7.96	0.0	2.61	0.0	23.56	ReDeconv
346539_1	19.78	0.0	9.08	0.8	4.52	0.0	0.0	8.67	7.46	0.0	0.78	2.24	0.0	1.0	0.04	0.0	0.0	6.51	0.0	0.0	0.16	0.0	1.42	0.0	0.0	4.66	0.0	3.12	1.27	28.51	ReDeconv
161584_1	24.79	0.0	5.08	1.73	1.78	0.0	0.0	8.46	4.37	0.08	0.0	0.03	0.0	1.41	0.15	0.0	0.0	5.0	0.0	0.0	0.25	0.0	0.92	0.0	0.0	10.92	0.0	3.89	1.09	30.05	ReDeconv
477841_1	21.77	0.0	5.88	1.37	3.2	0.0	0.0	9.06	2.93	0.0	1.54	2.32	0.0	0.3	0.85	0.0	0.0	4.49	0.0	0.68	0.0	0.0	0.33	0.0	0.0	9.68	0.0	3.17	0.79	31.64	ReDeconv
464537_2	25.97	0.0	1.04	0.0	2.13	0.0	0.0	0.33	4.87	0.42	0.0	0.0	0.0	0.11	0.59	0.0	0.04	2.78	0.0	0.0	0.0	0.0	1.49	1.07	0.0	6.71	0.0	1.54	1.25	49.65	ReDeconv
205623_2	16.36	0.0	5.52	0.0	4.46	0.0	0.0	2.18	13.12	0.0	0.6	4.53	0.0	0.0	1.28	0.0	0.0	1.47	0.0	0.0	0.0	0.0	1.27	0.15	0.0	7.14	0.0	2.72	0.9	38.29	ReDeconv
197072_2	20.17	0.0	3.8	1.48	2.11	0.0	0.0	8.52	3.75	0.0	1.26	9.59	0.07	1.34	0.36	0.0	0.0	3.66	0.0	0.59	3.46	0.0	2.56	0.0	0.0	8.65	0.0	3.04	0.69	24.92	ReDeconv
230843_2	22.25	0.0	6.16	0.0	4.57	0.0	0.0	2.77	10.58	0.0	4.74	0.0	0.03	0.61	2.14	0.0	0.0	0.16	0.0	0.0	0.0	0.0	1.57	0.23	0.0	6.31	0.0	3.57	3.41	30.92	ReDeconv
443078_1	18.07	0.0	4.73	1.16	2.35	0.0	0.0	5.57	3.21	0.0	1.02	2.09	0.28	1.48	0.05	0.0	0.0	1.75	0.0	0.86	0.0	0.0	2.56	0.0	0.0	10.13	0.0	2.64	0.8	41.25	ReDeconv
415120_1	19.23	0.0	1.2	2.11	1.31	0.0	0.0	12.04	4.81	0.0	0.67	4.24	0.0	0.58	0.38	0.0	0.0	7.13	0.0	1.06	0.0	0.0	1.22	0.06	0.0	8.88	0.0	2.4	0.48	32.21	ReDeconv
339444_1	21.23	0.0	3.87	0.0	4.87	0.0	0.0	0.0	15.24	0.0	0.16	0.0	0.11	0.0	4.53	0.0	0.0	0.0	0.0	0.0	0.0	0.0	1.77	0.0	0.0	7.34	0.0	2.24	0.29	38.35	ReDeconv
455697_1	8.73	1.12	16.54	0.0	6.8	0.0	0.0	2.24	14.53	2.12	0.0	0.0	0.34	0.0	1.06	0.0	0.0	3.0	0.0	0.0	0.0	0.0	0.0	0.57	0.0	10.04	0.0	3.39	0.21	29.31	ReDeconv
122540_2	16.35	0.0	6.37	0.0	2.15	0.0	0.0	4.92	4.36	0.84	0.0	3.06	0.0	1.67	0.02	0.0	0.0	3.67	0.0	0.0	3.64	0.0	2.06	0.0	0.04	7.92	0.0	3.2	0.85	38.89	ReDeconv
309805_2	20.63	0.0	5.71	0.0	3.27	0.0	0.0	3.09	9.58	0.0	2.41	6.92	0.54	1.58	5.2	0.0	0.0	1.81	0.0	0.0	0.0	0.0	0.52	0.0	0.83	6.83	0.0	2.43	0.29	28.36	ReDeconv
485310_1	25.09	0.0	4.96	0.0	6.32	0.0	0.0	5.13	7.74	0.0	3.43	6.77	0.0	1.35	0.56	0.0	0.0	3.53	0.0	0.0	0.94	0.0	1.05	0.03	0.0	7.88	0.0	3.36	0.7	21.18	ReDeconv
328020_1	20.55	0.0	5.83	0.11	2.72	0.0	0.0	9.85	5.22	0.0	2.44	5.79	0.0	1.41	0.64	0.0	0.0	3.6	0.0	0.0	1.56	0.0	0.0	0.0	0.0	6.86	0.0	3.71	0.73	28.98	ReDeconv
