	Adipose	Adrenal gland	Arteries	Bladder	Brain	Breast	FemaleReproductive	Fibroblasts	Lymphocytes	ColonSigmoid	ColonTransverse	Esophagus	EsophagusMucosa	Heart	Kidney	Liver	Lung	SalivaryGland	MuscleSkeletal	NerveTibial	Pancreas	Pituitary	Prostate	Skin	SmallIntestine	Spleen	Stomach	Testis	Thyroid	Whole blood	DeconvolutionTool
X739041_3	0.0	0.0	0.0	0.0	4.01	0.0	13.25	0.0	8.41	4.99	0.0	0.0	0.0	0.0	0.0	0.0	0.0	0.0	0.0	0.0	0.01	0.02	0.0	1.7	31.34	0.01	0.0	0.78	0.01	35.47	BayesPrism
X569467_2	0.0	0.06	0.0	0.0	8.69	19.81	0.01	0.0	13.9	6.26	0.0	0.0	0.03	0.0	0.01	0.0	0.0	0.0	0.0	0.0	0.0	0.5	0.0	22.67	1.44	1.52	0.0	2.51	0.0	22.59	BayesPrism
X597312_3	0.0	0.0	0.0	0.0	11.19	6.6	5.01	0.0	9.85	8.65	0.01	0.0	0.0	0.0	0.63	0.01	0.0	0.0	0.0	0.0	0.0	0.02	5.69	5.54	2.51	0.0	0.01	5.81	0.04	38.4	BayesPrism
X450582_2	0.01	0.0	9.04	0.0	12.13	0.0	0.0	0.39	15.73	0.0	0.01	0.02	0.0	0.0	0.0	0.0	39.97	0.0	0.06	0.0	0.0	0.0	0.0	0.0	0.0	1.58	0.0	3.13	0.0	17.92	BayesPrism
X159918_2	1.88	0.0	6.55	0.0	9.44	0.01	0.01	0.99	25.2	0.0	0.01	1.11	0.0	0.0	0.01	0.0	22.38	0.0	0.03	0.0	0.0	0.0	0.0	0.0	0.0	9.22	0.0	1.44	0.0	21.7	BayesPrism
X295748_1	0.0	0.0	7.03	0.0	12.49	0.0	0.0	0.01	14.92	0.0	0.0	0.0	0.0	0.0	0.0	0.0	45.13	0.0	0.02	0.0	0.0	0.0	0.0	0.0	0.0	0.25	0.0	3.99	0.0	16.15	BayesPrism
X418624_2	0.99	0.0	13.67	0.0	11.47	0.0	0.0	0.44	16.12	0.0	0.01	0.01	0.0	0.0	0.0	0.0	33.61	0.0	0.01	0.0	0.0	0.0	0.0	0.0	0.0	2.62	0.0	2.86	0.0	18.18	BayesPrism
X330152_1	2.4	0.0	3.16	0.0	14.51	0.0	0.0	0.52	23.52	0.0	0.0	6.04	0.0	0.0	0.02	0.01	22.8	0.0	0.03	0.0	0.0	0.01	0.0	0.0	0.0	3.65	0.0	1.48	0.0	21.82	BayesPrism
X469006_2	0.01	0.0	4.2	0.0	10.75	0.0	0.0	0.0	25.25	0.0	0.0	0.0	0.0	0.0	0.0	0.0	37.88	0.0	0.03	0.0	0.0	0.0	0.0	0.0	0.0	2.07	0.0	4.66	0.0	15.14	BayesPrism
X410199_1	0.59	0.0	2.06	0.0	5.9	3.56	0.0	0.0	21.34	0.0	0.0	1.62	0.0	0.0	0.0	0.0	20.81	0.0	0.03	0.0	0.0	0.0	0.0	0.0	0.0	0.06	0.0	2.53	0.0	41.46	BayesPrism
X262245_1	1.05	0.0	10.97	0.0	10.36	0.0	0.0	1.62	19.96	0.0	0.07	0.91	0.0	0.0	0.0	0.0	28.84	0.0	0.06	0.0	0.0	0.0	0.0	0.0	0.0	1.57	0.0	2.24	0.0	22.35	BayesPrism
X167961_1	0.01	0.0	5.12	0.0	14.28	0.0	0.0	0.01	19.22	0.0	0.0	0.0	0.0	0.0	0.01	0.0	38.2	0.45	0.01	0.0	0.0	0.0	0.0	0.0	0.0	1.55	0.0	3.71	0.0	17.42	BayesPrism
X166490_1	0.0	0.0	0.0	0.0	0.44	44.66	0.27	0.0	33.01	0.0	0.0	0.0	0.0	0.0	0.0	0.02	0.0	0.0	0.0	0.0	0.0	0.02	0.0	0.0	0.0	2.39	0.0	0.6	0.0	18.57	BayesPrism
X393370_2	0.04	0.0	3.58	0.0	10.45	0.0	0.0	0.0	21.66	0.0	0.0	0.01	0.0	0.0	0.0	0.01	37.53	0.0	0.01	0.0	0.0	0.0	0.0	0.01	0.0	5.54	0.0	3.98	0.0	17.17	BayesPrism
X412304_2	0.74	0.0	14.29	0.0	11.5	0.0	0.0	1.55	12.82	0.0	0.01	0.0	0.0	0.0	0.0	0.0	36.5	0.0	0.04	0.0	0.0	0.0	0.0	0.0	0.0	0.84	0.0	1.8	0.0	19.89	BayesPrism
X178534_1	0.34	0.0	13.5	0.0	10.84	0.0	0.0	0.22	14.21	0.0	0.04	0.0	0.0	0.0	0.0	0.0	40.31	0.0	0.02	0.0	0.0	0.0	0.0	0.0	0.0	1.27	0.0	2.17	0.0	17.07	BayesPrism
X739041_3	0.0	0.0	15.07	0.0	13.44	0.0	0.0	0.0	32.06	0.0	0.0	0.0	0.22	0.0	0.0	0.0	8.19	0.0	0.05	2.64	0.11	0.0	0.0	0.89	0.0	4.96	0.0	6.48	0.0	15.9	MuSiC
X569467_2	0.0	0.0	15.01	0.0	29.81	0.0	3.27	0.0	33.1	0.0	0.0	0.0	0.31	0.0	0.0	0.0	0.0	0.0	0.0	0.04	0.0	0.0	0.0	0.19	0.0	0.0	0.0	7.73	0.0	10.54	MuSiC
X597312_3	0.0	0.0	6.4	0.0	31.77	0.0	8.85	0.0	18.28	0.0	0.0	0.0	0.0	0.0	0.0	0.0	0.0	0.0	0.0	0.13	0.0	0.0	0.0	0.34	0.0	0.0	0.0	10.37	0.0	23.86	MuSiC
X450582_2	0.0	0.0	0.96	0.0	64.78	0.0	0.0	0.0	11.65	0.03	0.0	4.2	0.02	2.27	12.65	0.0	0.08	0.0	0.0	0.0	0.0	0.0	0.0	0.0	0.0	0.0	0.0	0.88	0.0	2.48	MuSiC
X159918_2	0.31	0.0	0.0	0.0	51.81	0.0	0.0	0.0	20.91	7.2	0.0	0.02	0.32	0.51	10.94	0.01	0.07	0.0	0.0	0.0	0.0	0.0	0.0	0.0	0.0	0.1	0.0	0.78	0.0	7.02	MuSiC
X295748_1	0.0	0.0	0.09	0.0	72.36	0.0	0.0	0.0	2.35	0.0	0.0	0.0	0.0	9.35	13.28	0.0	0.04	0.0	0.0	0.0	0.0	0.0	0.0	0.0	0.0	0.02	0.0	1.52	0.0	0.99	MuSiC
X418624_2	0.0	0.0	3.37	0.0	52.28	0.0	0.0	0.0	19.1	0.04	0.0	9.42	0.03	1.22	8.04	0.0	0.09	0.0	0.03	0.0	0.0	0.0	0.0	0.0	0.0	0.02	0.0	2.31	0.0	4.05	MuSiC
X330152_1	0.0	0.0	0.0	0.0	69.79	0.0	0.0	0.0	8.37	0.0	0.0	0.0	0.0	8.41	10.71	0.0	0.0	0.0	0.0	0.0	0.0	0.0	0.0	0.0	0.0	0.0	0.0	0.0	0.0	2.72	MuSiC
X469006_2	0.04	0.0	0.21	0.0	61.01	0.0	0.0	0.0	13.71	0.08	0.0	0.0	0.0	5.2	16.38	0.0	0.0	0.0	0.0	0.0	0.0	0.0	0.0	0.0	0.0	0.0	0.0	1.4	0.0	1.97	MuSiC
X410199_1	2.28	0.0	0.01	0.0	46.32	0.0	0.0	0.0	15.19	0.4	0.0	5.25	0.36	0.0	1.77	0.04	1.61	0.0	0.0	0.0	0.0	0.0	0.0	0.0	0.0	0.11	0.0	3.67	0.0	22.98	MuSiC
X262245_1	0.0	0.0	7.57	0.0	56.08	0.0	0.0	0.0	16.42	6.02	0.0	0.0	0.09	0.58	6.16	0.0	0.05	0.02	0.01	0.0	0.0	0.0	0.0	0.0	0.0	0.0	0.0	1.92	0.0	5.07	MuSiC
X167961_1	0.0	0.0	0.03	0.0	76.9	0.0	0.0	0.0	3.19	0.0	0.0	0.06	0.0	17.89	0.59	0.01	0.0	0.0	0.0	0.0	0.0	0.0	0.0	0.0	0.0	0.0	0.0	0.19	0.0	1.15	MuSiC
X166490_1	1.47	0.0	0.0	0.0	25.64	0.29	0.0	0.0	41.88	1.21	0.0	0.0	1.26	0.0	13.58	0.01	0.0	0.0	0.05	0.0	0.0	0.0	0.0	0.3	0.0	3.46	4.32	0.43	0.0	6.1	MuSiC
X393370_2	0.0	0.0	0.06	0.0	51.75	0.0	0.0	0.0	14.7	3.89	0.0	0.0	0.0	3.74	18.6	0.0	0.08	0.0	0.0	0.0	0.0	0.0	0.0	0.0	0.0	0.06	0.0	1.64	0.0	5.48	MuSiC
X412304_2	0.0	0.0	9.22	0.0	53.65	0.0	0.0	0.0	17.87	0.0	0.02	5.63	0.02	1.54	5.86	0.0	0.78	0.0	0.04	0.0	0.0	0.0	0.0	0.0	0.0	0.0	0.0	2.71	0.0	2.65	MuSiC
X178534_1	0.0	0.0	8.02	0.0	48.32	0.0	0.0	0.0	18.63	0.0	0.0	0.03	0.0	0.0	12.64	0.0	6.81	0.0	0.12	0.0	0.0	0.0	0.0	0.0	0.0	0.0	0.0	3.21	0.0	2.23	MuSiC
739041_3	0.0	0.0	0.0	6.18	17.21	3.46	0.0	0.18	21.82	0.0	0.0	1.27	0.07	0.14	29.58	0.0	0.0	0.0	0.1	0.0	0.05	0.0	0.57	0.1	0.0	8.43	0.06	0.6	0.05	10.13	CIBERSORTx
569467_2	0.35	0.06	0.0	6.21	19.7	1.51	0.0	0.27	19.59	0.0	1.02	0.95	0.03	0.31	35.37	0.0	0.0	0.0	0.01	0.0	0.0	0.0	0.0	0.15	0.0	0.0	0.07	1.66	0.0	12.73	CIBERSORTx
597312_3	0.0	0.0	0.0	0.0	18.88	4.84	0.0	0.14	6.17	0.71	4.37	0.0	0.0	0.3	35.51	0.0	0.0	0.0	0.0	0.0	0.01	0.0	0.06	0.2	0.0	0.0	0.07	0.64	0.0	28.12	CIBERSORTx
450582_2	0.0	0.19	0.0	10.29	19.42	4.01	0.0	0.04	22.57	0.0	2.83	1.15	0.06	0.25	30.37	0.0	0.0	0.0	0.07	0.0	0.0	0.0	0.0	0.17	0.0	4.04	0.05	2.42	0.0	2.05	CIBERSORTx
159918_2	0.0	0.0	0.0	8.82	17.44	1.92	0.0	0.09	26.3	0.0	0.55	0.85	0.06	0.25	27.86	0.0	0.0	0.0	0.07	0.0	0.0	0.0	0.0	0.2	0.0	9.43	0.05	1.95	0.0	4.16	CIBERSORTx
295748_1	0.0	0.14	0.0	9.02	19.52	5.12	0.0	0.0	23.43	0.0	3.36	1.2	0.06	0.25	31.37	0.0	0.0	0.0	0.08	0.0	0.01	0.0	0.0	0.0	0.0	2.88	0.05	2.82	0.0	0.7	CIBERSORTx
418624_2	0.0	0.0	0.0	10.13	20.74	3.13	0.0	0.01	24.84	0.0	2.26	0.0	0.07	0.27	29.08	0.0	0.0	0.0	0.07	0.0	0.03	0.0	0.0	0.1	0.0	5.64	0.05	2.28	0.0	1.29	CIBERSORTx
330152_1	0.0	0.0	0.0	6.02	18.71	2.52	0.0	0.08	26.36	0.0	1.9	2.15	0.06	0.25	30.09	0.11	0.0	0.0	0.07	0.0	0.02	0.0	0.0	0.17	0.0	4.56	0.05	2.19	0.0	4.67	CIBERSORTx
469006_2	0.0	0.0	0.0	8.51	17.08	3.8	0.0	0.05	30.09	0.0	2.96	1.08	0.06	0.24	27.84	0.0	0.0	0.0	0.07	0.0	0.01	0.0	0.0	0.22	0.0	1.53	0.05	2.63	0.0	3.79	CIBERSORTx
410199_1	0.0	0.0	0.0	9.0	14.09	0.46	0.0	0.04	22.67	0.0	1.19	0.0	0.06	0.11	26.97	0.0	0.0	0.0	0.07	0.0	0.0	0.0	0.0	0.11	0.0	4.86	0.05	1.87	0.0	18.46	CIBERSORTx
262245_1	0.0	0.0	0.0	9.33	19.08	2.03	0.0	0.06	25.78	0.0	2.45	0.14	0.06	0.26	28.66	0.0	0.0	0.0	0.07	0.0	0.02	0.0	0.0	0.2	0.0	3.74	0.05	2.31	0.0	5.77	CIBERSORTx
167961_1	0.0	0.18	0.0	7.75	18.36	3.69	0.0	0.0	27.98	0.0	2.96	0.46	0.07	0.31	30.05	0.0	0.0	0.0	0.07	0.0	0.02	0.0	0.0	0.14	0.0	2.88	0.07	2.21	0.0	2.83	CIBERSORTx
166490_1	0.0	0.0	0.0	3.81	13.66	2.05	0.0	0.09	30.64	0.0	0.0	1.03	0.06	0.18	29.98	0.08	0.0	0.0	0.07	0.0	0.0	0.0	0.0	0.44	0.0	12.13	0.05	0.78	0.0	4.94	CIBERSORTx
393370_2	0.0	0.0	0.0	8.17	18.25	1.91	0.0	0.07	25.58	0.0	1.05	0.12	0.07	0.26	30.66	0.07	0.0	0.0	0.08	0.0	0.0	0.0	0.0	0.15	0.0	9.37	0.05	2.26	0.0	1.88	CIBERSORTx
412304_2	0.0	0.0	0.0	8.64	21.1	3.64	0.0	0.0	22.44	0.0	2.04	1.39	0.07	0.27	30.9	0.0	0.0	0.0	0.09	0.0	0.0	0.0	0.0	0.16	0.0	5.51	0.06	2.54	0.0	1.16	CIBERSORTx
178534_1	0.0	0.15	0.0	8.31	21.07	3.39	0.0	0.04	25.37	0.0	2.41	1.34	0.06	0.26	28.86	0.0	0.0	0.0	0.07	0.0	0.0	0.0	0.0	0.12	0.0	3.9	0.05	2.83	0.0	1.76	CIBERSORTx
739041_3	0.0	0.42	0.0	0.0	56.06	0.0	0.0	0.0	0.79	0.0	2.19	0.0	0.15	1.3	32.99	0.0	0.0	0.0	0.0	0.0	0.09	0.0	0.0	0.0	0.0	0.0	0.18	1.14	0.0	4.68	NNLS
569467_2	0.0	0.83	0.0	0.0	49.4	0.0	0.0	0.0	0.0	0.0	0.3	0.0	0.0	2.1	42.08	0.0	0.0	0.0	0.0	0.0	0.11	0.0	0.0	0.0	0.0	0.0	0.2	1.69	0.0	3.3	NNLS
597312_3	0.0	0.64	0.0	0.0	49.02	0.0	0.0	0.0	0.0	0.0	0.04	0.0	0.0	1.94	37.98	0.0	0.0	0.0	0.0	0.0	0.1	0.0	0.0	0.0	0.0	0.0	0.18	1.5	0.0	8.6	NNLS
450582_2	0.0	1.22	2.11	4.29	63.27	0.0	0.0	0.0	4.06	0.0	0.65	0.0	0.01	0.97	18.28	0.0	0.0	0.0	0.0	0.0	0.0	0.0	0.0	0.03	0.0	1.17	0.13	2.18	0.0	1.65	NNLS
159918_2	0.0	0.84	0.51	2.45	63.28	0.0	0.0	0.0	2.93	0.0	0.87	0.0	0.2	0.85	22.35	0.0	0.0	0.0	0.0	0.0	0.0	0.0	0.0	0.05	0.0	1.57	0.13	1.7	0.0	2.27	NNLS
295748_1	0.0	1.21	0.03	0.34	63.52	0.0	0.0	0.0	1.89	0.0	2.77	0.0	0.0	1.5	25.79	0.0	0.0	0.0	0.0	0.0	0.0	0.0	0.0	0.01	0.0	0.31	0.16	2.17	0.0	0.3	NNLS
418624_2	0.0	1.95	4.21	7.43	56.39	0.0	0.0	0.0	5.43	0.0	0.0	0.0	0.01	0.0	16.51	0.0	0.46	0.0	0.0	0.0	0.0	0.0	0.0	0.04	0.0	2.03	0.12	3.53	0.0	1.91	NNLS
330152_1	0.0	0.74	0.0	0.0	62.16	0.0	0.0	0.0	1.37	0.0	2.36	0.0	0.03	1.58	28.12	0.0	0.0	0.0	0.0	0.0	0.04	0.0	0.0	0.0	0.0	0.0	0.17	1.52	0.0	1.92	NNLS
469006_2	0.0	0.21	0.0	0.0	70.63	0.0	0.0	0.0	1.77	0.0	1.85	0.0	0.03	1.21	21.48	0.0	0.0	0.0	0.0	0.0	0.0	0.0	0.0	0.06	0.0	0.17	0.13	0.57	0.0	1.9	NNLS
410199_1	0.0	0.72	0.0	0.51	54.07	0.0	0.0	0.0	4.51	0.09	1.03	0.0	0.63	1.53	26.6	0.21	0.0	0.0	0.0	0.0	0.0	0.0	0.0	0.02	0.0	2.38	0.14	1.29	0.0	6.28	NNLS
262245_1	0.0	0.89	2.15	3.83	57.43	0.0	0.0	0.0	3.93	0.0	1.76	0.0	0.02	0.69	21.2	0.0	0.0	0.0	0.0	0.0	0.0	0.0	0.0	0.03	0.0	0.6	0.14	1.76	0.0	5.57	NNLS
167961_1	0.0	0.7	0.0	0.0	60.44	0.0	0.0	0.0	0.41	0.0	0.38	0.0	0.0	1.89	34.07	0.0	0.0	0.0	0.0	0.0	0.05	0.0	0.0	0.0	0.0	0.0	0.17	1.39	0.0	0.49	NNLS
166490_1	0.0	0.0	0.0	0.0	66.8	0.0	0.0	0.0	2.24	0.0	0.0	0.0	0.33	1.27	24.53	0.0	0.0	0.0	0.0	0.0	0.03	0.0	0.0	0.15	0.0	0.37	0.15	0.13	0.0	4.01	NNLS
393370_2	0.0	0.73	0.0	1.02	65.07	0.0	0.0	0.0	2.52	0.0	1.61	0.0	0.04	0.96	23.39	0.0	0.0	0.0	0.0	0.0	0.0	0.0	0.0	0.14	0.0	1.17	0.14	1.47	0.0	1.74	NNLS
412304_2	0.79	1.62	4.81	6.83	63.36	0.72	0.0	0.0	5.73	0.0	0.0	0.0	0.0	0.0	7.56	0.0	1.23	0.0	0.0	0.0	0.0	0.0	0.0	0.02	0.0	2.29	0.07	3.44	0.0	1.52	NNLS
178534_1	0.0	1.88	4.87	7.88	58.53	1.06	0.0	0.0	6.35	0.0	0.0	0.0	0.0	0.0	11.09	0.0	1.02	0.0	0.0	0.0	0.0	0.0	0.0	0.0	0.0	1.89	0.09	3.53	0.0	1.81	NNLS
159918_2	0.0	0.38	0.0	3.84	35.99	1.81	0.0	0.43	2.6	0.0	2.06	0.48	0.21	0.65	46.24	0.0	0.0	0.0	0.0	0.0	0.13	0.0	0.0	0.2	0.0	2.42	0.18	0.76	0.0	1.62	nuSVR
166490_1	0.0	0.41	0.0	3.44	30.01	2.03	0.0	0.62	2.52	0.0	3.13	0.76	0.29	0.65	51.02	0.0	0.0	0.0	0.0	0.0	0.22	0.0	0.0	0.34	0.0	0.45	0.24	0.47	0.0	3.39	nuSVR
167961_1	0.0	0.38	0.0	3.19	36.71	0.82	0.0	0.51	0.94	0.0	2.48	0.41	0.22	0.66	51.47	0.0	0.0	0.0	0.0	0.0	0.31	0.0	0.0	0.0	0.0	0.24	0.19	0.63	0.0	0.86	nuSVR
178534_1	0.0	0.15	0.0	3.94	35.52	1.16	0.0	0.08	9.5	0.0	1.22	1.33	0.09	0.28	36.58	0.0	0.0	0.0	0.1	0.0	0.0	0.0	0.0	0.1	0.0	1.64	0.08	1.32	0.0	6.9	nuSVR
262245_1	0.0	0.01	0.0	3.64	32.95	1.16	0.0	0.35	3.91	0.0	2.08	0.67	0.14	0.44	45.95	0.0	0.0	0.0	0.0	0.0	0.21	0.0	0.0	0.14	0.0	0.15	0.13	1.04	0.0	7.03	nuSVR
295748_1	0.0	0.39	0.0	3.43	37.56	1.63	0.0	0.48	1.08	0.0	2.28	0.38	0.0	0.67	50.13	0.0	0.0	0.0	0.0	0.0	0.12	0.0	0.0	0.03	0.0	0.36	0.19	1.23	0.0	0.04	nuSVR
330152_1	0.0	0.4	0.0	2.04	38.42	1.3	0.0	0.45	1.67	0.0	1.91	0.28	0.23	0.68	49.16	0.0	0.0	0.0	0.0	0.0	0.11	0.0	0.0	0.1	0.0	0.29	0.19	0.65	0.0	2.14	nuSVR
393370_2	0.0	0.36	0.0	3.87	35.06	0.65	0.0	0.51	2.29	0.0	2.23	0.58	0.18	0.63	50.2	0.0	0.0	0.0	0.0	0.0	0.06	0.0	0.0	0.18	0.0	0.66	0.18	1.04	0.0	1.31	nuSVR
410199_1	0.0	0.36	0.0	4.58	33.34	1.32	0.0	0.29	3.21	0.0	1.1	0.97	0.2	0.15	45.35	0.14	0.0	0.0	0.0	0.0	0.0	0.0	0.0	0.18	0.0	2.38	0.17	0.59	0.0	5.66	nuSVR
412304_2	0.0	0.02	0.0	4.26	34.98	1.2	0.0	0.0	8.93	0.0	1.08	1.2	0.09	0.29	38.65	0.0	0.0	0.0	0.11	0.0	0.01	0.0	0.0	0.12	0.0	2.29	0.07	1.17	0.0	5.52	nuSVR
418624_2	0.0	0.0	0.0	4.93	35.76	1.02	0.0	0.02	9.73	0.0	1.22	0.04	0.09	0.3	37.42	0.0	0.0	0.0	0.1	0.0	0.1	0.0	0.0	0.17	0.0	2.51	0.08	1.12	0.0	5.39	nuSVR
450582_2	0.0	0.15	0.0	4.41	35.91	2.05	0.0	0.38	3.49	0.0	2.34	1.05	0.14	0.43	45.14	0.0	0.0	0.0	0.16	0.0	0.15	0.0	0.0	0.13	0.0	0.46	0.12	1.01	0.0	2.49	nuSVR
469006_2	0.0	0.38	0.0	3.11	36.2	1.1	0.0	0.49	1.47	0.0	2.04	0.42	0.15	0.65	51.4	0.0	0.0	0.0	0.0	0.0	0.13	0.0	0.0	0.0	0.0	0.0	0.18	0.67	0.0	1.61	nuSVR
569467_2	0.0	0.0	0.0	2.19	32.39	0.81	0.0	0.65	0.08	0.0	1.2	0.05	0.0	1.12	56.53	0.0	0.0	0.0	0.0	0.0	0.01	0.0	0.0	0.0	0.0	0.47	0.31	0.6	0.0	3.61	nuSVR
597312_3	0.0	0.0	0.0	3.29	34.45	1.22	0.0	0.45	0.0	0.0	1.83	0.0	0.0	0.89	48.95	0.0	0.0	0.0	0.0	0.0	0.03	0.0	0.0	0.0	0.0	0.0	0.29	0.56	0.0	8.04	nuSVR
739041_3	0.0	0.63	0.0	3.23	34.85	1.83	0.0	0.59	0.57	0.0	1.32	0.28	0.35	1.02	49.18	0.0	0.0	0.0	0.0	0.0	0.0	0.0	0.0	0.3	0.0	0.76	0.29	0.56	0.0	4.24	nuSVR
739041_3	0.0	0.0	0.0	0.0	59.25	0.0	0.0	0.0	0.0	0.0	1.5	0.0	0.0	0.42	36.06	0.0	0.0	0.0	0.0	0.0	0.0	0.0	0.0	0.0	0.0	0.0	0.0	0.07	0.0	2.71	QP
569467_2	0.0	0.02	0.0	0.0	51.53	0.0	0.0	0.0	0.0	0.0	0.0	0.0	0.0	1.37	44.51	0.0	0.0	0.0	0.0	0.0	0.0	0.0	0.0	0.0	0.0	0.0	0.0	0.87	0.0	1.68	QP
597312_3	0.0	0.0	0.0	0.0	52.89	0.0	0.0	0.0	0.0	0.0	0.0	0.0	0.0	0.0	41.87	0.0	0.0	0.0	0.0	0.0	0.0	0.0	0.0	0.0	0.0	0.0	0.0	0.0	0.0	5.24	QP
450582_2	0.0	1.44	3.0	3.74	59.09	0.0	0.0	0.0	4.19	0.0	0.0	0.0	0.81	1.12	15.79	0.5	0.0	0.85	0.26	0.0	0.96	0.29	0.0	0.71	0.0	1.19	0.92	2.46	0.16	2.51	QP
159918_2	0.0	0.82	0.46	2.44	63.42	0.0	0.0	0.0	2.92	0.0	0.95	0.0	0.15	0.83	22.45	0.0	0.0	0.0	0.0	0.0	0.0	0.0	0.0	0.02	0.0	1.55	0.09	1.68	0.0	2.23	QP
295748_1	0.0	1.34	0.36	0.0	61.71	0.0	0.0	0.13	2.01	0.9	1.49	0.0	0.35	1.61	24.83	0.19	0.0	0.22	0.0	0.0	0.45	0.0	0.0	0.33	0.0	0.56	0.51	2.31	0.0	0.7	QP
418624_2	0.0	2.13	4.96	6.21	52.35	0.0	0.0	0.0	5.47	0.0	0.0	0.0	0.89	0.0	13.72	0.61	0.49	0.9	0.29	0.0	1.06	0.38	0.0	0.78	0.0	1.84	0.97	3.73	0.37	2.84	QP
330152_1	0.0	0.64	0.0	0.0	62.66	0.0	0.0	0.0	1.27	0.0	2.32	0.0	0.0	1.49	28.5	0.0	0.0	0.0	0.0	0.0	0.0	0.0	0.0	0.0	0.0	0.0	0.0	1.42	0.0	1.71	QP
469006_2	0.0	0.38	0.0	0.0	68.68	0.0	0.0	0.28	1.86	0.98	0.43	0.0	0.37	1.27	20.79	0.03	0.0	0.25	0.0	0.0	0.4	0.0	0.0	0.37	0.0	0.46	0.47	0.76	0.0	2.23	QP
410199_1	0.0	0.0	0.0	0.0	56.92	0.0	0.0	0.0	4.09	0.0	1.47	0.0	0.0	0.87	29.36	0.0	0.0	0.0	0.0	0.0	0.0	0.0	0.0	0.0	0.0	1.97	0.0	0.46	0.0	4.87	QP
262245_1	0.0	0.86	2.08	3.82	57.57	0.0	0.0	0.0	3.91	0.0	1.87	0.0	0.0	0.67	21.32	0.0	0.0	0.0	0.0	0.0	0.0	0.0	0.0	0.0	0.0	0.57	0.08	1.73	0.0	5.52	QP
167961_1	0.0	0.73	0.0	0.0	60.3	0.0	0.0	0.0	0.44	0.0	0.39	0.0	0.0	1.91	33.95	0.0	0.0	0.0	0.0	0.0	0.1	0.0	0.0	0.0	0.0	0.0	0.22	1.41	0.0	0.54	QP
166490_1	0.0	0.0	0.0	0.0	68.94	0.0	0.0	0.0	1.73	0.0	0.0	0.0	0.0	0.58	25.97	0.0	0.0	0.0	0.0	0.0	0.0	0.0	0.0	0.0	0.0	0.0	0.0	0.0	0.0	2.79	QP
393370_2	0.0	0.87	0.05	1.08	63.19	0.0	0.0	0.37	2.6	0.48	0.65	0.0	0.39	1.06	22.39	0.15	0.0	0.27	0.0	0.0	0.41	0.0	0.0	0.44	0.0	1.35	0.49	1.64	0.0	2.1	QP
412304_2	1.1	1.88	5.71	5.34	57.45	0.0	0.0	0.0	5.72	0.0	0.0	0.0	1.03	0.0	4.97	0.71	1.25	1.13	0.59	0.0	1.32	0.56	0.0	0.97	0.0	2.05	1.13	3.69	0.73	2.7	QP
178534_1	0.53	2.16	6.02	5.77	51.35	0.0	0.0	0.0	6.23	0.0	0.0	0.0	1.29	0.0	7.2	1.04	1.09	1.48	0.87	0.0	1.71	0.93	0.0	1.16	0.0	1.63	1.45	3.82	0.98	3.29	QP
739041_3	2.77	0.0	1.05	0.0	12.36	0.0	0.0	0.44	3.29	2.43	0.0	1.63	0.0	0.0	11.6	0.0	0.0	6.66	0.0	0.0	3.58	0.0	0.0	0.32	21.19	1.78	0.0	2.0	10.5	18.39	ReDeconv
569467_2	26.39	3.65	0.0	0.0	14.48	0.0	0.0	0.0	3.84	5.06	0.0	1.89	0.0	4.02	0.52	0.0	0.72	11.07	0.0	1.59	0.0	0.0	0.0	2.94	1.9	0.0	0.0	3.82	8.2	9.92	ReDeconv
597312_3	3.92	2.59	0.0	0.0	8.64	0.0	0.0	1.95	3.92	20.27	0.0	0.0	0.0	0.0	9.4	0.0	0.0	6.29	0.0	0.0	0.0	0.9	0.0	0.6	18.26	0.0	0.0	0.82	10.35	12.09	ReDeconv
450582_2	15.62	0.0	2.78	0.95	2.45	0.0	0.0	10.26	2.23	0.0	2.27	8.89	0.0	4.55	0.55	0.0	0.0	4.07	0.0	0.0	0.82	0.0	0.63	0.0	0.0	10.03	0.0	3.08	1.05	29.77	ReDeconv
159918_2	17.56	0.0	8.83	0.0	3.17	0.0	0.0	4.6	5.52	0.05	0.92	0.0	0.0	1.42	0.08	0.0	0.0	3.91	0.0	0.0	0.57	0.0	1.62	0.0	0.0	11.55	0.0	3.27	0.66	36.26	ReDeconv
295748_1	18.95	0.0	8.36	0.12	2.87	0.0	0.0	4.25	4.95	0.0	3.67	4.9	0.0	1.87	1.07	0.0	0.0	1.74	0.0	0.0	0.35	0.0	1.71	0.04	0.0	7.63	0.0	3.28	0.43	33.82	ReDeconv
418624_2	11.24	0.0	9.7	0.0	1.65	0.0	0.0	7.77	2.48	0.0	0.91	3.41	0.0	2.23	0.24	0.0	0.0	3.42	0.0	0.19	4.17	0.0	1.18	0.0	0.0	10.27	0.0	3.87	0.66	36.6	ReDeconv
330152_1	12.91	0.0	10.54	0.44	4.97	0.0	0.0	6.68	4.15	0.0	1.5	7.33	0.0	0.0	2.02	0.0	0.0	2.39	0.0	0.0	2.28	0.0	1.84	0.35	0.0	8.56	0.0	3.05	0.45	30.54	ReDeconv
469006_2	21.68	0.0	4.33	1.7	1.95	0.0	0.0	8.3	4.6	0.0	0.61	1.91	0.0	2.63	0.1	0.0	0.0	4.22	0.0	0.0	0.25	0.0	1.84	0.0	0.0	9.08	0.0	4.3	0.76	31.76	ReDeconv
410199_1	14.05	0.0	7.42	0.0	3.11	0.0	0.0	6.75	3.95	0.0	1.79	6.72	0.15	3.16	0.15	0.0	0.0	1.54	0.0	0.0	0.01	0.0	0.83	0.0	0.0	12.1	0.0	2.88	0.55	34.85	ReDeconv
262245_1	18.66	0.0	5.44	1.05	3.25	0.0	0.0	4.87	5.71	0.9	1.44	0.97	0.14	3.66	0.95	0.0	0.0	1.69	0.0	0.0	0.0	0.0	0.55	0.02	0.0	7.58	0.0	3.89	0.73	38.47	ReDeconv
167961_1	16.02	0.0	5.22	1.94	2.93	0.0	0.0	8.69	3.5	0.0	2.45	6.12	0.0	3.81	0.48	0.0	0.0	6.87	0.0	0.17	0.6	0.0	1.47	0.0	0.0	4.52	0.0	3.07	0.57	31.58	ReDeconv
166490_1	21.79	0.0	3.58	0.0	5.99	0.0	0.0	2.98	13.05	2.56	0.0	1.21	0.0	0.0	4.25	0.0	0.0	2.33	0.0	0.0	0.0	0.0	0.32	0.14	0.0	7.46	0.0	1.7	2.66	29.99	ReDeconv
393370_2	21.56	0.0	4.63	0.0	2.66	0.0	0.0	7.5	4.4	0.0	1.79	0.7	0.0	1.02	1.34	0.0	0.0	4.8	0.0	0.0	0.0	0.0	3.24	0.0	0.0	10.23	0.0	3.64	0.79	31.7	ReDeconv
412304_2	17.91	0.0	6.92	1.15	1.69	0.0	0.0	7.08	2.23	0.0	0.39	0.11	0.0	2.59	1.37	0.0	0.0	1.65	0.0	0.88	3.64	0.0	0.81	0.0	0.0	8.93	0.0	2.95	0.61	39.1	ReDeconv
178534_1	17.34	0.0	3.86	1.65	1.99	0.0	0.0	9.75	2.68	0.0	1.62	5.87	0.0	1.66	0.01	0.0	0.0	4.73	0.0	0.0	1.71	0.0	1.57	0.0	0.0	9.12	0.0	2.71	0.9	32.84	ReDeconv
