	Adipose	Adrenal gland	Arteries	Bladder	Brain	Breast	FemaleReproductive	Fibroblasts	Lymphocytes	ColonSigmoid	ColonTransverse	Esophagus	EsophagusMucosa	Heart	Kidney	Liver	Lung	SalivaryGland	MuscleSkeletal	NerveTibial	Pancreas	Pituitary	Prostate	Skin	SmallIntestine	Spleen	Stomach	Testis	Thyroid	Whole blood	DeconvolutionTool
X631489_3	5.08	0.2	1.21	0.01	12.07	0.03	3.52	0.75	18.72	2.92	2.57	0.0	0.01	0.0	0.0	0.01	12.45	0.0	0.0	0.34	0.0	0.02	0.02	0.03	0.01	9.84	0.01	1.8	0.05	28.3	BayesPrism
X674547_3	0.18	0.02	0.0	0.0	15.61	0.01	0.28	0.6	15.09	6.15	15.93	0.0	0.11	0.0	0.0	0.02	4.16	0.0	0.02	0.01	0.0	0.0	0.65	0.07	0.0	3.74	0.04	1.68	0.0	35.6	BayesPrism
X546738_3	9.84	0.46	0.01	0.01	10.72	0.03	0.01	1.14	20.35	6.68	9.79	0.0	0.05	0.0	0.0	0.0	0.06	0.0	0.0	0.0	0.0	0.05	0.08	0.38	0.0	1.29	0.0	0.93	0.0	38.09	BayesPrism
X813805_3	4.7	0.01	5.6	0.0	13.16	0.0	0.0	2.69	10.2	6.41	2.95	0.0	0.0	0.0	0.0	0.01	18.62	0.0	0.02	0.0	0.0	0.01	0.0	0.01	0.0	0.01	0.0	0.88	0.0	34.71	BayesPrism
X361175_1	9.93	0.0	2.19	0.0	12.75	0.0	0.0	1.27	28.77	0.01	0.0	6.68	0.0	0.0	0.92	0.0	10.91	0.0	0.02	0.0	0.0	0.0	0.0	0.0	0.0	1.9	0.0	2.87	0.0	21.78	BayesPrism
X472330_1	1.73	0.0	9.39	0.0	15.51	0.0	0.0	0.0	14.0	0.0	0.0	0.0	0.0	0.0	0.0	0.0	34.51	0.0	0.03	0.0	0.0	0.0	0.0	0.0	0.0	0.01	0.0	3.38	0.0	21.41	BayesPrism
X147354_2	5.79	0.0	7.77	0.0	14.34	0.0	0.0	0.01	21.45	0.05	0.0	0.07	0.0	0.0	0.01	0.0	26.85	0.0	0.01	0.0	0.0	0.0	0.0	0.0	0.0	0.86	0.0	3.72	0.0	19.06	BayesPrism
X261268_2	0.01	0.0	8.1	0.0	11.63	0.0	0.19	0.0	13.48	2.34	0.01	0.0	0.0	0.0	0.0	0.0	33.01	0.0	0.09	0.0	0.0	0.0	0.0	0.0	0.05	10.31	0.0	3.61	0.0	17.17	BayesPrism
X265479_2	0.01	0.0	0.0	0.0	5.44	9.78	1.37	0.9	37.82	0.0	0.0	2.04	0.0	0.0	10.49	0.0	0.0	0.0	0.0	0.0	0.0	0.01	0.0	0.02	0.0	6.06	0.0	1.99	0.0	24.05	BayesPrism
X209564_1	3.42	0.0	11.91	0.0	13.39	0.0	0.0	0.9	15.26	1.01	0.0	0.01	0.0	0.0	0.0	0.0	30.17	0.0	0.01	0.0	0.0	0.0	0.0	0.0	0.0	0.01	0.0	3.02	0.0	20.89	BayesPrism
X133247_1	0.0	0.0	0.0	0.0	0.42	0.01	38.39	0.0	22.78	0.0	0.0	0.0	0.0	0.0	0.0	0.01	0.0	0.0	0.07	0.86	0.0	0.02	0.0	0.01	0.0	20.85	0.03	1.01	0.2	15.31	BayesPrism
X260786_1	6.14	0.0	0.02	0.0	7.44	0.3	0.03	1.23	32.96	0.0	0.0	2.97	0.0	0.0	9.87	0.0	2.39	0.28	0.02	0.0	0.0	0.0	0.0	0.0	0.0	16.66	0.0	1.75	0.0	17.91	BayesPrism
X331344_2	2.68	0.0	10.29	0.0	14.82	0.0	0.0	0.01	16.9	0.36	0.0	0.1	0.0	0.0	0.0	0.0	29.85	0.0	0.03	0.0	0.0	0.0	0.0	0.0	0.0	0.01	0.0	4.21	0.0	20.74	BayesPrism
X349246_2	1.02	0.0	0.0	0.0	7.54	2.62	0.01	0.52	33.42	0.0	0.0	5.04	0.0	0.0	14.32	0.0	0.04	0.0	0.02	0.0	0.0	0.0	0.0	0.05	0.0	11.08	0.0	2.06	0.0	22.23	BayesPrism
X301419_1	1.17	0.0	12.13	0.0	14.1	0.0	0.0	0.57	12.35	0.4	0.01	0.01	0.0	0.0	0.0	0.0	36.01	0.0	0.02	0.0	0.0	0.0	0.0	0.0	0.0	0.01	0.0	2.91	0.0	20.29	BayesPrism
X267586_2	4.12	0.0	0.07	0.0	8.89	0.0	0.81	0.02	29.42	0.0	0.0	7.63	0.0	0.0	0.01	0.0	14.64	0.0	0.05	0.0	0.0	0.0	0.0	0.0	0.0	11.31	0.0	3.81	0.0	19.2	BayesPrism
X475571_1	10.05	0.0	4.33	0.0	10.46	0.0	0.0	1.12	28.44	0.0	0.0	2.59	0.0	0.0	2.58	0.0	9.82	0.0	0.0	0.0	0.0	0.0	0.0	0.0	0.0	2.81	0.0	3.41	0.0	24.37	BayesPrism
X631489_3	4.81	0.0	6.66	0.0	53.31	0.0	0.0	0.0	19.13	0.0	0.0	0.0	0.0	0.0	0.0	0.0	1.33	0.0	0.42	0.0	0.0	0.0	0.0	0.14	0.0	3.54	0.0	3.98	0.0	6.67	MuSiC
X674547_3	2.87	0.0	8.91	0.0	52.52	0.0	0.0	0.0	21.03	1.89	0.0	0.0	0.0	0.0	0.0	0.0	0.0	0.0	0.11	0.0	0.0	0.0	0.0	0.0	0.0	0.0	0.0	1.23	0.0	11.44	MuSiC
X546738_3	0.0	0.0	18.84	0.0	35.97	0.0	0.0	0.0	27.54	0.0	0.0	0.0	0.0	0.0	0.0	0.0	2.97	0.0	0.0	0.0	0.0	0.0	0.0	0.34	0.0	0.0	0.0	3.85	0.0	10.48	MuSiC
X813805_3	0.37	0.0	26.14	0.0	43.94	0.0	0.0	0.0	16.67	0.0	0.0	0.0	0.03	0.0	0.0	0.0	0.15	0.0	0.06	0.0	0.01	0.0	0.0	0.11	0.0	0.17	0.0	7.82	0.0	4.54	MuSiC
X361175_1	0.05	0.0	0.2	0.0	55.49	0.0	0.0	0.0	23.67	0.48	0.0	0.0	0.51	2.18	14.91	0.0	0.0	0.0	0.09	0.0	0.0	0.0	0.0	0.0	0.0	0.0	0.0	0.18	0.0	2.24	MuSiC
X472330_1	0.0	0.0	0.37	0.0	72.97	0.0	0.0	0.0	4.24	0.03	0.0	2.32	0.0	8.72	8.66	0.0	0.08	0.0	0.0	0.0	0.0	0.0	0.0	0.0	0.0	0.0	0.0	1.53	0.0	1.08	MuSiC
X147354_2	0.0	0.0	0.05	0.0	55.64	0.0	0.0	0.0	16.23	2.62	0.0	0.0	0.02	6.07	16.99	0.0	0.06	0.0	0.0	0.0	0.0	0.0	0.0	0.0	0.0	0.02	0.0	0.25	0.0	2.05	MuSiC
X261268_2	0.0	0.0	0.06	0.0	45.71	0.0	0.0	0.0	14.84	0.0	0.0	14.44	0.0	0.0	0.28	0.0	6.58	0.0	0.34	0.0	0.0	0.0	0.0	0.0	0.52	10.86	0.0	3.96	0.0	2.43	MuSiC
X265479_2	0.0	0.0	0.0	0.0	51.93	0.08	0.07	0.0	20.73	0.7	0.0	0.0	1.35	0.22	19.62	0.0	0.0	0.0	0.01	0.0	0.0	0.0	0.0	0.2	0.0	0.0	0.02	0.05	0.0	5.01	MuSiC
X209564_1	0.23	0.0	7.65	0.0	55.47	0.0	0.0	0.0	18.14	0.0	0.0	0.02	0.04	0.0	13.68	0.0	0.16	0.0	0.04	0.0	0.0	0.0	0.0	0.0	0.0	0.0	0.0	2.3	0.0	2.28	MuSiC
X133247_1	0.0	0.0	0.0	0.0	23.23	1.51	2.72	0.0	35.43	0.0	0.0	0.0	0.01	0.0	0.0	0.0	3.74	0.0	0.14	0.01	0.0	0.0	0.12	0.22	0.95	20.92	0.0	4.41	0.02	6.6	MuSiC
X260786_1	0.0	0.0	0.06	0.0	54.06	0.01	0.0	0.0	19.73	0.0	0.0	0.0	0.6	3.25	19.65	0.0	0.0	0.0	0.0	0.0	0.0	0.0	0.0	0.04	0.0	0.03	0.08	0.03	0.0	2.45	MuSiC
X331344_2	0.0	0.0	0.06	0.0	61.44	0.0	0.0	0.0	8.69	0.58	0.0	0.0	0.0	14.37	13.34	0.0	0.06	0.0	0.0	0.0	0.0	0.0	0.0	0.0	0.0	0.0	0.0	0.23	0.0	1.23	MuSiC
X349246_2	0.04	0.0	0.0	0.0	57.58	0.0	0.0	0.0	17.99	0.03	0.0	0.0	1.37	6.68	12.99	0.04	0.0	0.0	0.0	0.0	0.0	0.0	0.0	0.02	0.0	0.0	0.0	0.13	0.0	3.14	MuSiC
X301419_1	0.0	0.0	4.96	0.0	66.81	0.0	0.0	0.0	12.65	0.0	0.0	2.05	0.01	0.11	7.89	0.0	0.14	0.0	0.0	0.0	0.0	0.0	0.0	0.0	0.0	0.0	0.0	1.74	0.0	3.64	MuSiC
X267586_2	1.74	0.0	1.06	0.0	39.3	0.0	0.0	0.0	29.01	3.38	0.0	2.15	0.02	0.03	16.23	0.0	0.07	0.01	0.01	0.0	0.0	0.0	0.0	0.0	0.0	0.07	0.0	0.74	0.0	6.19	MuSiC
X475571_1	0.0	0.02	0.08	0.0	53.84	0.0	0.0	0.0	19.78	5.66	0.0	0.0	0.03	0.15	14.58	0.0	0.0	0.0	0.0	0.0	0.0	0.0	0.0	0.0	0.0	0.0	0.0	1.25	0.0	4.61	MuSiC
631489_3	0.0	0.0	0.0	7.79	16.42	2.26	0.0	0.15	25.9	0.0	2.11	0.54	0.0	0.25	29.87	0.0	0.0	0.0	0.07	0.0	0.0	0.0	0.0	0.28	0.0	4.39	0.05	1.3	0.0	8.64	CIBERSORTx
674547_3	0.0	0.03	0.0	5.06	18.61	3.06	0.0	0.16	17.95	0.0	2.47	1.31	0.0	0.25	32.65	0.0	0.0	0.0	0.1	0.0	0.0	0.0	0.0	0.14	0.0	0.0	0.07	1.49	0.0	16.65	CIBERSORTx
546738_3	0.0	0.07	0.0	8.37	20.07	2.72	0.0	0.04	22.95	0.0	1.47	0.01	0.08	0.29	30.29	0.0	0.0	0.0	0.09	0.0	0.01	0.0	0.0	0.34	0.0	1.56	0.06	1.51	0.0	10.07	CIBERSORTx
813805_3	0.0	0.1	0.0	5.44	22.21	1.89	0.0	0.06	20.14	0.0	1.92	4.54	0.08	0.3	34.19	0.0	0.0	0.0	0.09	0.0	0.03	0.0	0.0	0.19	0.0	2.32	0.06	1.47	0.0	4.96	CIBERSORTx
361175_1	0.0	0.0	0.0	7.56	17.95	3.39	0.0	0.07	30.42	0.0	2.59	0.46	0.06	0.26	28.69	0.0	0.0	0.0	0.07	0.0	0.04	0.0	0.0	0.12	0.0	2.21	0.05	2.0	0.0	4.06	CIBERSORTx
472330_1	0.0	0.18	0.0	7.58	22.24	3.58	0.0	0.0	20.73	0.0	3.89	1.58	0.07	0.27	32.13	0.0	0.0	0.0	0.08	0.0	0.02	0.0	0.0	0.12	0.0	2.13	0.06	2.95	0.0	2.38	CIBERSORTx
147354_2	0.0	0.0	0.0	9.93	18.64	4.21	0.0	0.02	26.2	0.0	2.24	0.49	0.06	0.26	29.05	0.0	0.0	0.0	0.07	0.0	0.02	0.0	0.0	0.14	0.0	4.71	0.05	2.4	0.0	1.49	CIBERSORTx
261268_2	0.0	0.0	0.0	8.7	19.83	2.6	0.0	0.05	25.83	0.0	1.19	1.28	0.06	0.25	26.28	0.0	0.0	0.0	0.07	0.0	0.0	0.0	0.0	0.13	0.0	11.37	0.05	1.9	0.0	0.42	CIBERSORTx
265479_2	0.26	0.18	0.0	6.65	15.15	0.96	0.0	0.04	31.26	0.0	1.97	0.0	0.07	0.24	29.66	0.0	0.0	0.0	0.06	0.0	0.03	0.0	0.0	0.46	0.0	2.19	0.05	1.79	0.0	8.98	CIBERSORTx
209564_1	0.0	0.07	0.0	9.59	20.22	3.97	0.0	0.04	25.07	0.0	3.16	0.0	0.06	0.26	30.41	0.0	0.0	0.0	0.07	0.0	0.03	0.0	0.0	0.15	0.0	3.14	0.05	2.52	0.0	1.19	CIBERSORTx
133247_1	0.0	0.0	0.0	6.16	12.65	1.99	0.0	0.08	30.44	0.0	0.0	0.37	0.05	0.11	22.31	0.01	0.0	0.0	0.06	0.0	0.0	0.0	0.0	0.16	0.59	18.93	0.05	0.72	0.0	5.32	CIBERSORTx
260786_1	0.0	0.0	0.0	6.83	15.48	1.96	0.0	0.07	31.74	0.0	2.0	0.73	0.06	0.23	28.84	0.06	0.0	0.0	0.07	0.0	0.02	0.0	0.0	0.21	0.0	7.67	0.05	1.68	0.0	2.3	CIBERSORTx
331344_2	0.0	0.11	0.0	6.66	19.5	4.59	0.0	0.04	25.91	0.0	3.02	1.37	0.06	0.27	30.73	0.0	0.0	0.0	0.04	0.0	0.0	0.0	0.0	0.09	0.0	1.56	0.06	2.79	0.0	3.2	CIBERSORTx
349246_2	0.09	0.17	0.0	5.41	16.21	0.86	0.0	0.08	31.57	0.0	1.7	1.4	0.06	0.25	26.91	0.02	0.0	0.0	0.07	0.0	0.01	0.0	0.0	0.31	0.0	6.33	0.05	1.63	0.0	6.87	CIBERSORTx
301419_1	0.0	0.1	0.0	8.11	23.81	4.71	0.0	0.03	20.34	0.0	2.23	1.32	0.07	0.26	30.95	0.0	0.0	0.0	0.08	0.0	0.01	0.0	0.0	0.1	0.0	4.13	0.05	2.84	0.0	0.84	CIBERSORTx
267586_2	0.0	0.0	0.0	7.53	16.96	2.05	0.0	0.06	29.57	0.0	1.41	0.17	0.06	0.23	28.22	0.0	0.0	0.0	0.07	0.0	0.0	0.0	0.0	0.17	0.0	7.85	0.05	1.91	0.0	3.7	CIBERSORTx
475571_1	0.0	0.0	0.0	6.9	17.29	3.26	0.0	0.06	26.92	0.0	2.9	0.0	0.03	0.24	29.03	0.0	0.0	0.0	0.07	0.0	0.02	0.0	0.0	0.24	0.0	1.74	0.05	2.11	0.0	9.13	CIBERSORTx
631489_3	0.0	0.41	0.0	0.0	62.82	0.0	0.0	0.0	0.96	0.39	2.82	0.0	0.01	0.9	26.66	0.0	0.0	0.0	0.0	0.0	0.06	0.0	0.0	0.04	0.0	0.0	0.17	1.14	0.0	3.61	NNLS
674547_3	0.0	0.5	0.0	0.0	55.77	0.0	0.0	0.0	0.0	0.14	2.91	0.0	0.0	1.25	33.81	0.0	0.0	0.0	0.0	0.0	0.1	0.0	0.0	0.0	0.0	0.0	0.18	1.28	0.0	4.07	NNLS
546738_3	0.0	0.4	0.66	2.15	58.6	0.0	0.0	0.0	1.57	0.0	2.75	0.0	0.13	0.35	26.16	0.0	0.0	0.0	0.0	0.0	0.07	0.0	0.0	0.0	0.0	0.0	0.16	1.28	0.0	5.73	NNLS
813805_3	0.0	0.6	2.98	5.39	56.38	0.0	0.0	0.0	2.58	0.0	2.35	0.0	0.0	0.0	25.18	0.0	0.0	0.0	0.0	0.0	0.07	0.0	0.0	0.0	0.0	0.02	0.15	1.78	0.0	2.51	NNLS
361175_1	0.0	0.9	1.39	3.26	62.84	0.0	0.0	0.0	3.89	0.0	1.13	0.0	0.23	0.82	19.55	0.0	0.0	0.0	0.0	0.0	0.0	0.0	0.0	0.03	0.0	0.5	0.13	1.65	0.0	3.69	NNLS
472330_1	0.0	1.29	2.29	3.91	58.46	0.0	0.0	0.0	3.38	0.0	1.78	0.0	0.0	0.16	23.7	0.0	0.0	0.0	0.0	0.0	0.0	0.0	0.0	0.0	0.0	1.05	0.13	2.48	0.0	1.36	NNLS
147354_2	0.0	1.53	1.67	2.9	59.69	0.0	0.0	0.0	3.23	0.0	1.51	0.0	0.06	0.64	23.6	0.0	0.0	0.0	0.0	0.0	0.0	0.0	0.0	0.0	0.0	1.01	0.14	2.63	0.0	1.39	NNLS
261268_2	0.0	1.63	7.39	11.22	58.78	0.0	0.0	0.0	6.63	0.0	0.0	0.0	0.0	0.0	4.81	0.0	0.78	0.0	0.0	0.0	0.0	0.0	0.0	0.06	0.0	3.55	0.05	3.83	0.0	1.26	NNLS
265479_2	0.0	0.41	0.0	0.0	59.65	0.0	0.0	0.0	0.9	0.0	0.0	0.0	0.07	1.84	31.96	0.0	0.0	0.0	0.0	0.0	0.05	0.0	0.0	0.0	0.0	0.0	0.16	1.09	0.0	3.87	NNLS
209564_1	0.02	2.21	6.42	9.25	58.87	1.9	0.0	0.0	7.22	0.0	0.0	0.0	0.0	0.0	3.35	0.0	1.66	0.0	0.0	0.0	0.0	0.0	0.0	0.0	0.0	2.78	0.04	4.41	0.0	1.86	NNLS
133247_1	0.0	0.43	0.0	0.0	54.51	0.0	0.0	0.0	3.54	0.0	0.74	0.0	0.16	1.71	30.99	0.0	0.0	0.0	0.0	0.0	0.01	0.0	0.0	0.17	0.0	0.95	0.18	1.15	0.0	5.46	NNLS
260786_1	0.0	0.67	0.0	0.0	60.7	0.0	0.0	0.0	1.75	0.0	0.58	0.0	0.13	1.66	31.4	0.0	0.0	0.0	0.0	0.0	0.02	0.0	0.0	0.0	0.0	0.1	0.17	1.34	0.0	1.47	NNLS
331344_2	0.0	1.47	3.0	5.31	63.93	0.0	0.0	0.0	3.5	0.0	0.09	0.0	0.0	0.31	16.17	0.0	0.0	0.0	0.0	0.0	0.0	0.0	0.0	0.01	0.0	1.43	0.1	2.72	0.0	1.96	NNLS
349246_2	0.0	0.0	0.0	0.0	68.29	0.0	0.0	0.0	1.19	0.0	0.03	0.0	0.21	1.56	25.12	0.0	0.0	0.0	0.0	0.0	0.04	0.0	0.0	0.03	0.0	0.04	0.15	0.33	0.0	3.03	NNLS
301419_1	0.0	1.89	7.59	11.65	55.14	0.0	0.0	0.0	7.1	0.0	0.0	0.0	0.0	0.0	7.44	0.0	1.04	0.0	0.0	0.0	0.0	0.0	0.0	0.0	0.0	2.77	0.09	3.89	0.0	1.4	NNLS
267586_2	0.0	0.99	1.01	2.94	61.92	0.0	0.0	0.0	4.79	0.0	0.99	0.0	0.19	1.48	19.34	0.0	0.0	0.0	0.0	0.0	0.0	0.0	0.0	0.1	0.0	1.14	0.12	1.68	0.0	3.31	NNLS
475571_1	0.0	1.51	0.0	0.0	49.0	0.0	0.0	0.0	2.04	0.0	2.66	0.0	0.0	1.84	34.3	0.0	0.0	0.0	0.0	0.0	0.0	0.0	0.0	0.0	0.0	0.0	0.18	2.54	0.0	5.93	NNLS
133247_1	0.0	0.14	0.0	4.09	29.66	2.83	0.0	0.51	3.75	0.0	1.77	0.49	0.3	0.57	48.68	0.0	0.0	0.0	0.29	0.0	0.0	0.0	0.0	0.33	0.0	1.4	0.25	0.48	0.0	4.48	nuSVR
147354_2	0.0	0.1	0.0	4.14	32.96	1.9	0.0	0.38	5.04	0.0	2.2	1.23	0.15	0.45	47.27	0.0	0.0	0.0	0.0	0.0	0.15	0.0	0.0	0.13	0.0	0.25	0.13	1.21	0.0	2.32	nuSVR
209564_1	0.0	0.06	0.0	2.12	37.51	0.31	0.0	0.05	18.71	1.28	0.0	0.67	0.04	0.12	24.98	0.02	0.0	0.04	0.05	0.0	0.06	0.0	0.0	0.12	0.0	3.61	0.03	0.63	0.02	9.56	nuSVR
260786_1	0.0	0.32	0.0	3.56	35.65	0.89	0.0	0.55	2.67	0.0	2.05	0.71	0.21	0.64	49.87	0.0	0.0	0.0	0.0	0.0	0.14	0.0	0.0	0.0	0.0	0.32	0.18	0.61	0.0	1.64	nuSVR
261268_2	0.0	0.0	0.0	4.76	36.39	0.9	0.0	0.1	10.61	0.0	0.64	1.47	0.09	0.3	36.33	0.0	0.0	0.0	0.11	0.0	0.0	0.0	0.0	0.12	0.0	5.29	0.08	1.01	0.0	1.81	nuSVR
265479_2	0.0	0.6	0.0	3.54	31.94	1.37	0.0	0.54	1.62	0.0	3.56	0.41	0.34	1.0	50.37	0.0	0.0	0.0	0.0	0.0	0.26	0.0	0.0	0.17	0.0	0.0	0.27	0.53	0.0	3.47	nuSVR
267586_2	0.0	0.02	0.0	4.8	32.27	0.38	0.0	0.17	6.21	0.0	1.47	1.13	0.14	0.44	44.97	0.0	0.0	0.0	0.16	0.0	0.12	0.0	0.0	0.17	0.0	2.25	0.12	1.03	0.0	4.17	nuSVR
301419_1	0.0	0.09	0.0	1.86	42.6	0.0	0.0	0.02	15.72	0.81	0.0	1.15	0.04	0.08	23.26	0.12	0.08	0.0	0.08	0.0	0.05	0.0	0.0	0.11	0.0	4.23	0.03	0.69	0.0	8.97	nuSVR
331344_2	0.0	0.23	0.0	5.03	33.4	1.78	0.0	0.53	3.64	0.0	2.34	1.02	0.04	0.43	46.1	0.0	0.0	0.0	0.13	0.0	0.14	0.0	0.0	0.04	0.0	0.0	0.13	1.48	0.0	3.55	nuSVR
349246_2	0.0	0.36	0.0	3.36	33.42	0.71	0.0	0.53	2.62	0.0	2.36	0.72	0.2	0.61	48.33	0.0	0.0	0.0	0.0	0.0	0.29	0.0	0.0	0.02	0.0	0.36	0.17	0.58	0.0	5.35	nuSVR
361175_1	0.0	0.37	0.0	3.85	34.7	2.42	0.0	0.52	3.07	0.0	2.17	0.65	0.21	0.64	46.3	0.0	0.0	0.0	0.0	0.0	0.0	0.0	0.0	0.2	0.0	0.12	0.18	1.41	0.0	3.19	nuSVR
472330_1	0.0	0.17	0.0	3.48	35.98	1.84	0.0	0.45	3.67	0.0	2.39	0.88	0.14	0.45	46.66	0.0	0.0	0.0	0.16	0.0	0.12	0.0	0.0	0.04	0.0	0.0	0.13	1.04	0.0	2.4	nuSVR
475571_1	0.0	0.36	0.0	3.08	34.81	1.05	0.0	0.46	1.82	0.0	2.63	0.44	0.2	0.62	47.53	0.0	0.0	0.0	0.0	0.0	0.3	0.0	0.0	0.0	0.0	0.0	0.17	1.13	0.0	5.39	nuSVR
546738_3	0.0	0.33	0.0	2.62	35.08	1.46	0.0	0.42	1.79	0.0	1.35	0.33	0.21	0.64	47.37	0.0	0.0	0.0	0.0	0.0	0.04	0.0	0.0	0.0	0.0	0.37	0.18	0.87	0.0	6.94	nuSVR
631489_3	0.0	0.15	0.0	2.64	37.56	0.85	0.0	0.42	2.05	0.0	1.51	0.41	0.01	0.66	47.66	0.0	0.0	0.0	0.0	0.0	0.0	0.0	0.0	0.15	0.0	0.2	0.18	0.62	0.0	4.92	nuSVR
674547_3	0.0	0.64	0.0	2.69	35.94	1.92	0.0	0.55	0.0	0.0	1.76	0.08	0.0	1.07	49.66	0.0	0.0	0.0	0.0	0.0	0.14	0.0	0.0	0.27	0.0	0.68	0.29	0.57	0.0	3.74	nuSVR
813805_3	0.0	0.28	0.0	2.89	40.05	1.29	0.0	0.47	1.27	0.0	1.52	0.39	0.13	0.67	47.1	0.0	0.0	0.0	0.0	0.0	0.03	0.0	0.0	0.0	0.0	0.33	0.19	0.97	0.0	2.42	nuSVR
631489_3	0.0	0.0	0.0	0.0	65.13	0.0	0.0	0.0	0.24	0.0	3.0	0.0	0.0	0.41	28.29	0.0	0.0	0.0	0.0	0.0	0.0	0.0	0.0	0.0	0.0	0.0	0.0	0.52	0.0	2.41	QP
674547_3	0.0	0.0	0.0	0.0	58.43	0.0	0.0	0.0	0.0	0.0	2.33	0.0	0.0	0.47	36.26	0.0	0.0	0.0	0.0	0.0	0.0	0.0	0.0	0.0	0.0	0.0	0.0	0.31	0.0	2.2	QP
546738_3	0.0	0.0	0.0	0.0	61.78	0.0	0.0	0.0	0.17	0.0	5.37	0.0	0.0	0.0	28.8	0.0	0.0	0.0	0.0	0.0	0.0	0.0	0.0	0.0	0.0	0.0	0.0	0.2	0.0	3.68	QP
813805_3	0.0	0.01	1.41	4.99	58.48	0.0	0.0	0.0	1.64	0.0	4.37	0.0	0.0	0.0	27.03	0.0	0.0	0.0	0.0	0.0	0.0	0.0	0.0	0.0	0.0	0.0	0.0	1.14	0.0	0.93	QP
361175_1	0.0	0.97	1.6	3.32	62.08	0.0	0.0	0.0	3.92	0.0	0.75	0.0	0.41	0.9	19.1	0.0	0.0	0.09	0.0	0.0	0.2	0.0	0.0	0.19	0.0	0.57	0.31	1.72	0.0	3.86	QP
472330_1	0.0	1.46	2.89	4.06	56.2	0.0	0.0	0.0	3.51	0.0	0.55	0.0	0.45	0.44	22.03	0.25	0.0	0.42	0.0	0.0	0.67	0.05	0.0	0.45	0.0	1.23	0.68	2.68	0.0	1.96	QP
147354_2	0.0	1.67	2.24	3.02	57.5	0.0	0.0	0.0	3.35	0.07	0.36	0.0	0.57	0.88	22.04	0.29	0.0	0.43	0.0	0.0	0.61	0.01	0.0	0.44	0.0	1.17	0.64	2.8	0.0	1.93	QP
261268_2	0.0	1.87	7.9	9.67	54.36	0.0	0.0	0.0	6.62	0.0	0.0	0.0	0.82	0.0	2.75	0.62	0.77	0.92	0.0	0.0	1.16	0.39	0.0	0.89	0.0	3.21	1.0	4.03	0.67	2.36	QP
265479_2	0.0	0.0	0.0	0.0	61.85	0.0	0.0	0.0	0.15	0.0	0.0	0.0	0.0	1.22	33.74	0.0	0.0	0.0	0.0	0.0	0.0	0.0	0.0	0.0	0.0	0.0	0.0	0.4	0.0	2.63	QP
209564_1	1.09	2.46	7.42	6.72	50.68	0.0	0.0	0.0	6.95	0.0	0.0	0.0	1.52	0.0	0.16	1.22	1.6	1.62	0.81	0.0	1.93	1.08	0.0	1.35	0.0	2.33	1.57	4.59	1.39	3.5	QP
133247_1	0.0	0.0	0.0	0.0	57.92	0.0	0.0	0.0	2.83	0.0	0.19	0.0	0.0	0.72	34.55	0.0	0.0	0.0	0.0	0.0	0.0	0.0	0.0	0.0	0.0	0.37	0.0	0.0	0.0	3.42	QP
260786_1	0.0	0.62	0.0	0.0	61.01	0.0	0.0	0.0	1.71	0.0	0.57	0.0	0.02	1.61	31.67	0.0	0.0	0.0	0.0	0.0	0.0	0.0	0.0	0.0	0.0	0.08	0.07	1.28	0.0	1.36	QP
331344_2	0.0	1.65	3.68	4.63	60.78	0.0	0.0	0.0	3.68	0.0	0.0	0.0	0.56	0.63	14.34	0.32	0.0	0.59	0.0	0.0	0.76	0.09	0.0	0.56	0.0	1.38	0.72	2.91	0.07	2.64	QP
349246_2	0.0	0.0	0.0	0.0	69.36	0.0	0.0	0.0	0.93	0.0	0.0	0.0	0.0	1.33	25.78	0.0	0.0	0.0	0.0	0.0	0.0	0.0	0.0	0.0	0.0	0.0	0.0	0.05	0.0	2.56	QP
301419_1	0.0	2.14	8.23	9.37	49.3	0.0	0.0	0.0	6.97	0.0	0.0	0.0	1.25	0.0	4.28	0.94	0.98	1.33	0.23	0.0	1.58	0.78	0.0	1.07	0.0	2.38	1.34	4.11	0.9	2.82	QP
267586_2	0.0	1.11	1.45	3.08	60.3	0.0	0.0	0.0	4.83	0.0	0.17	0.0	0.56	1.63	18.37	0.14	0.0	0.35	0.0	0.0	0.39	0.0	0.0	0.41	0.0	1.25	0.49	1.84	0.0	3.64	QP
475571_1	0.0	1.24	0.0	0.0	49.95	0.0	0.0	0.0	1.73	0.0	2.5	0.0	0.0	1.59	35.38	0.0	0.0	0.0	0.0	0.0	0.0	0.0	0.0	0.0	0.0	0.0	0.0	2.25	0.0	5.37	QP
631489_3	20.79	0.0	2.53	1.36	7.92	0.0	0.0	3.51	2.38	5.46	0.0	0.0	0.0	0.11	7.53	0.0	0.0	4.68	0.0	0.0	2.81	0.0	0.0	0.0	0.0	3.38	0.0	2.55	1.38	33.62	ReDeconv
674547_3	10.96	0.0	2.89	5.4	11.21	0.0	0.0	2.62	2.32	2.1	0.0	0.0	0.0	0.0	7.25	0.0	0.0	2.04	0.0	0.0	3.4	0.0	0.0	0.39	21.99	2.22	0.0	1.45	2.86	20.92	ReDeconv
546738_3	3.21	0.0	4.01	0.0	8.7	0.0	0.0	1.74	4.44	0.64	0.0	0.0	0.0	0.0	10.95	0.0	0.0	3.1	0.0	0.0	3.45	0.0	0.76	0.0	19.09	1.65	0.0	1.82	11.92	24.51	ReDeconv
813805_3	5.98	0.0	6.62	0.0	7.85	0.0	2.42	2.59	1.59	9.1	0.0	0.0	0.0	3.19	6.02	0.0	0.0	2.66	0.0	0.0	0.19	0.0	0.42	0.0	12.5	6.55	0.0	1.91	1.72	28.67	ReDeconv
361175_1	18.28	0.0	6.62	2.08	3.11	0.0	0.0	7.15	5.93	0.0	2.26	6.45	0.0	0.21	0.64	0.0	0.0	3.74	0.0	0.0	4.57	0.0	0.02	0.0	0.0	6.03	0.0	3.23	0.79	28.88	ReDeconv
472330_1	17.65	0.0	5.84	0.63	2.55	0.0	0.0	8.94	2.75	1.03	1.23	0.0	0.0	1.77	0.66	0.0	0.0	5.26	0.0	1.57	0.0	0.0	2.39	0.01	0.0	9.98	0.0	2.75	0.58	34.41	ReDeconv
147354_2	19.42	0.0	4.23	2.29	2.61	0.0	0.0	7.15	3.97	0.0	1.18	2.3	0.0	1.97	1.83	0.0	0.0	3.42	0.0	0.13	0.67	0.0	2.29	0.0	0.0	7.72	0.0	4.21	0.82	33.79	ReDeconv
261268_2	17.39	0.0	4.62	0.0	2.15	0.0	0.0	4.59	3.04	1.37	0.68	0.76	0.0	3.0	0.66	0.0	0.0	1.96	0.0	0.03	0.79	0.0	2.93	0.0	0.0	9.6	0.0	3.72	0.55	42.16	ReDeconv
265479_2	18.97	0.0	5.89	0.55	8.31	0.0	0.0	3.38	9.43	0.0	2.26	4.18	0.0	2.14	2.21	0.0	0.0	1.64	0.0	0.0	0.0	0.0	0.18	0.04	0.0	4.44	0.0	2.01	0.0	34.37	ReDeconv
209564_1	13.07	0.0	10.14	0.36	1.73	0.0	0.0	7.07	3.21	0.0	1.56	5.37	0.38	0.33	0.0	0.0	0.0	1.61	0.0	0.08	5.13	0.0	2.45	0.0	0.0	7.17	0.0	3.91	0.47	35.96	ReDeconv
133247_1	20.24	0.0	3.39	0.0	4.73	0.0	0.0	3.81	11.66	0.0	0.0	2.55	1.71	0.29	0.23	0.0	0.0	2.01	0.0	0.0	0.0	0.0	1.1	0.0	7.31	5.71	0.0	3.03	0.61	31.62	ReDeconv
260786_1	16.74	0.0	4.96	0.97	5.08	0.0	0.0	7.6	6.39	0.0	2.4	2.13	0.0	1.75	1.03	0.0	0.0	6.7	0.0	0.0	0.0	0.0	0.01	0.0	0.0	10.28	0.0	2.35	1.44	30.17	ReDeconv
331344_2	18.11	0.0	6.67	1.21	2.66	0.0	0.0	4.38	3.87	0.0	0.79	3.14	0.22	2.39	0.78	0.0	0.0	1.86	0.0	0.0	0.56	0.0	2.15	0.0	0.0	8.31	0.0	4.72	0.61	37.57	ReDeconv
349246_2	14.54	0.0	5.47	0.0	4.84	0.0	0.0	10.38	5.32	0.0	3.94	11.82	0.13	0.44	0.91	0.0	0.0	3.25	0.0	0.0	0.0	0.0	0.0	0.0	0.0	8.44	0.0	2.4	1.09	27.02	ReDeconv
301419_1	17.49	0.0	4.94	1.5	2.4	0.0	0.0	9.37	2.02	0.0	1.1	4.41	0.0	1.71	0.53	0.0	0.0	2.62	0.0	0.17	3.47	0.0	1.51	0.0	0.0	9.65	0.0	3.64	0.22	33.28	ReDeconv
267586_2	18.58	0.0	3.27	0.6	2.5	0.0	0.0	9.79	5.05	0.0	0.7	5.43	0.0	2.67	0.16	0.0	0.0	3.86	0.0	0.0	0.0	0.0	1.07	0.0	0.0	9.88	0.0	3.59	0.54	32.32	ReDeconv
475571_1	18.36	0.0	10.12	0.59	3.08	0.0	0.0	6.08	6.3	0.0	2.29	2.48	0.14	2.58	0.35	0.0	0.0	2.81	0.0	0.0	0.0	0.0	0.42	0.0	0.0	6.71	0.0	3.63	0.88	33.17	ReDeconv
